Курица

2
95
117
121
133
149
209
233
248
283
291
294
361
403
418
500
525
628
645
650
733
804
820
840
888
963
976
978
1043
1079
1107
1201
1248
1253
1325
1327
1340
1350
1398
1492
1544
1548
1556
1576
1606
1665
1715
1724
1734
1781
1852
1878
1888
1890
1914
1915
1917
1921
2020
2053
2212
2251
2292
2336
2338
2348
2461
2464
2509
2550
2558
2611
2646
2735
2738
2743
2756
2771
2821
2837
2895
2916
2931
2971
3009
3043
3053
3082
3114
3150
3173
3189
3226
3315
3329
3427
3479
3531
3537
3604
3659
3720
3728
3920
3921
4003
4015
4028
4086
4188
4217
4285
4380
4426
4438
4468
4515
4528
4551
4613
4690
4710
4758
4811
4921
4946
4952
5131
5172
5177
5335
5370
5478
5494
5537
5548
5569
5649
5653
5787
5930
5941
6068
6070
6075
6101