Свинина

8
41
43
82
111
176
253
295
302
437
578
629
648
696
787
808
835
845
850
885
980
1060
1105
1112
1143
1170
1198
1287
1379
1384
1456
1484
1486
1684
1744
1769
1785
1789
1816
1886
1908
1910
1951
1962
1981
2067
2088
2129
2134
2170
2299
2307
2495
2577
2633
2652
2665
2675
2736
2807
2836
2938
2966
3087
3234
3236
3272
3428
3432
3438
3485
3564
3567
3765
3812
3839
3918
4034
4097
4218
4301
4307
4434
4486
4521
4559
4616
4630
4783
4819
4939
5203
5207
5225
5344
5358
5467
5512
5625
5686
5717
5864
5882
5989
6060
6076