Авокадо

17
33
60
126
214
243
289
303
306
359
384
391
456
504
507
526
538
577
584
595
605
640
706
746
748
775
785
817
837
854
864
906
944
955
972
1013
1035
1117
1133
1134
1167
1169
1229
1258
1266
1282
1330
1333
1358
1389
1396
1434
1448
1462
1479
1496
1509
1516
1531
1555
1581
1612
1646
1654
1698
1732
1738
1761
1834
1881
1994
2015
2043
2167
2175
2192
2213
2220
2276
2310
2324
2344
2359
2381
2395
2399
2408
2439
2453
2508
2524
2609
2727
2731
2748
2764
2877
2974
2997
2999
3019
3068
3099
3116
3188
3190
3213
3271
3337
3339
3373
3395
3640
3661
3672
3706
3745
3792
3837
3846
3860
3873
3899
3917
3935
3946
3958
3986
4007
4022
4035
4130
4195
4221
4231
4247
4313
4326
4381
4526
4548
4590
4637
4659
4701
4715
4775
4781
4816
4820
4840
4842
4845
4953
4977
5033
5058
5128
5381
5398
5517
5530
5540
5582
5644
5801
5808
5833
5838
5863
5869
5872
5922
5969
5974
5983
6000
6032