Молоко

14
16
24
25
28
30
63
73
77
110
114
125
131
150
170
175
190
196
208
225
241
245
254
261
287
296
313
319
351
364
369
416
447
453
461
474
488
491
492
503
507
522
525
557
560
589
591
592
597
613
621
623
633
637
680
683
685
690
715
721
725
750
766
770
776
783
784
820
829
833
867
874
889
902
913
934
941
965
977
984
992
1003
1006
1007
1039
1054
1058
1071
1085
1091
1092
1102
1112
1113
1119
1120
1122
1137
1150
1166
1168
1188
1203
1221
1239
1274
1292
1298
1318
1321
1341
1352
1353
1355
1357
1360
1369
1375
1376
1397
1402
1406
1408
1414
1421
1440
1455
1461
1498
1510
1522
1536
1539
1559
1575
1577
1592
1596
1599
1617
1624
1648
1674
1681
1689
1712
1733
1735
1744
1778
1782
1802
1820
1828
1831
1851
1886
1890
1902
1905
1913
1925
1930
1937
1940
1958
1969
1970
2014
2018
2020
2021
2047
2049
2060
2061
2063
2064
2070
2079
2107
2108
2115
2121
2122
2126
2147
2168
2171
2183
2191
2196
2200
2239
2249
2255
2266
2326
2331
2332
2355
2356
2358
2374
2398
2406
2413
2436
2444
2445
2461
2483
2500
2512
2514
2518
2520
2522
2535
2541
2548
2564
2569
2571
2579
2586
2618
2619
2622
2638
2639
2648
2664
2700
2709
2722
2726
2744
2753
2758
2769
2778
2797
2798
2828
2845
2849
2857
2863
2864
2871
2876
2892
2912
2919
2932
2947
2972
2983
2984
2985
2990
3006
3010
3024
3027
3036
3062
3064
3088
3092
3100
3115
3117
3119
3145
3148
3163
3166
3181
3195
3202
3203
3219
3223
3231
3243
3248
3250
3254
3259
3263
3269
3300
3305
3312
3321
3326
3331
3340
3346
3355
3357
3381
3396
3415
3419
3425
3429
3442
3448
3451
3463
3483
3495
3499
3512
3527
3529
3544
3573
3575
3579
3583
3589
3600
3613
3627
3634
3635
3643
3670
3673
3681
3686
3700
3739
3747
3762
3779
3828
3840
3841
3851
3854
3863
3865
3872
3875
3878
3892
3906
3954
3966
3968
3980
3983
3992
4005
4020
4023
4029
4030
4048
4049
4054
4067
4070
4072
4095
4099
4108
4114
4117
4125
4126
4141
4145
4149
4151
4160
4169
4170
4171
4216
4236
4246
4260
4275
4278
4286
4296
4299
4313
4323
4347
4357
4358
4367
4370
4379
4389
4397
4425
4430
4434
4435
4436
4447
4460
4463
4472
4478
4479
4498
4513
4514
4527
4542
4547
4562
4563
4576
4588
4596
4611
4628
4633
4638
4646
4655
4656
4721
4724
4755
4775
4788
4789
4790
4791
4797
4813
4818
4829
4837
4844
4854
4871
4874
4882
4890
4902
4912
4918
4936
4939
4941
4956
4964
4966
4975
4978
4987
5001
5003
5013
5021
5033
5045
5050
5078
5107
5117
5136
5137
5139
5149
5177
5208
5211
5214
5222
5230
5233
5238
5249
5273
5283
5301
5316
5324
5361
5367
5373
5379
5385
5435
5449
5455
5463
5470
5471
5479
5482
5483
5502
5509
5531
5545
5565
5580
5588
5603
5605
5618
5640
5648
5651
5654
5676
5679
5680
5694
5704
5733
5757
5773
5778
5786
5787
5811
5823
5828
5849
5851
5884
5890
5897
5900
5903
5904
5936
5954
5960
5989
5992
6004
6015
6016
6034
6041
6042
6045
6054
6068
6069
6089
6090