Перец черный молотый

2
9
13
18
21
24
25
31
32
39
48
50
56
67
71
72
76
78
82
87
88
91
97
99
100
107
109
112
115
116
117
121
124
125
127
129
132
134
136
143
146
148
149
152
156
159
168
170
176
177
178
180
181
184
185
186
188
196
199
209
212
213
215
224
226
228
232
234
238
251
252
253
255
261
263
265
268
271
276
277
280
283
288
292
294
302
309
314
316
320
333
335
337
339
341
345
351
356
359
361
363
365
369
374
378
383
386
393
394
395
396
399
406
409
411
414
418
421
423
427
428
432
434
435
437
441
453
459
470
471
473
475
478
481
482
486
496
497
507
511
514
516
518
521
523
524
527
529
535
536
537
547
559
564
565
567
573
574
575
578
580
581
585
587
591
595
596
601
606
612
620
621
622
624
625
628
638
647
648
651
652
655
656
658
661
663
666
671
672
673
675
678
680
691
696
698
700
701
703
704
706
716
720
724
729
730
731
733
735
737
740
742
743
744
755
756
759
760
764
768
770
772
780
784
787
794
800
802
807
810
815
819
820
826
827
828
833
835
836
839
841
845
846
851
856
860
871
878
879
882
883
884
885
889
896
901
906
907
910
912
918
926
927
928
934
937
939
940
944
946
948
953
954
959
971
973
975
979
980
982
983
986
993
999
1009
1014
1015
1020
1022
1023
1024
1025
1027
1029
1030
1031
1035
1040
1041
1042
1053
1055
1057
1059
1060
1068
1071
1072
1076
1077
1078
1082
1084
1092
1094
1104
1111
1115
1119
1121
1123
1129
1130
1132
1135
1136
1143
1145
1151
1152
1157
1158
1159
1161
1163
1167
1170
1176
1178
1179
1184
1192
1193
1195
1196
1197
1202
1204
1211
1215
1216
1217
1220
1226
1228
1234
1235
1242
1243
1244
1248
1249
1251
1256
1264
1271
1272
1273
1280
1281
1284
1286
1288
1289
1295
1300
1306
1308
1312
1313
1318
1325
1326
1327
1329
1331
1340
1341
1343
1344
1346
1349
1357
1359
1362
1363
1364
1365
1368
1375
1379
1380
1388
1389
1392
1398
1401
1409
1416
1418
1419
1424
1425
1428
1430
1436
1438
1445
1450
1455
1456
1468
1469
1474
1475
1486
1497
1504
1506
1507
1508
1523
1524
1526
1527
1538
1541
1542
1545
1550
1552
1555
1557
1558
1563
1564
1566
1570
1574
1575
1581
1582
1588
1591
1593
1596
1598
1606
1611
1615
1620
1621
1626
1629
1632
1635
1637
1638
1640
1643
1647
1649
1650
1652
1654
1662
1665
1671
1675
1676
1682
1683
1687
1690
1694
1697
1705
1709
1715
1717
1722
1723
1735
1737
1741
1742
1743
1747
1760
1761
1768
1769
1774
1778
1784
1785
1786
1788
1791
1792
1798
1799
1801
1802
1803
1807
1809
1810
1813
1826
1827
1830
1832
1834
1836
1842
1843
1844
1845
1853
1856
1857
1860
1863
1868
1880
1881
1882
1884
1885
1887
1889
1890
1891
1892
1907
1909
1910
1911
1915
1917
1918
1920
1925
1928
1931
1939
1943
1952
1956
1960
1961
1962
1966
1988
1990
1995
1997
1999
2004
2006
2007
2011
2012
2016
2020
2022
2029
2030
2031
2037
2040
2041
2046
2050
2053
2062
2065
2068
2069
2074
2075
2078
2079
2080
2083
2084
2087
2090
2093
2094
2096
2103
2112
2113
2119
2120
2124
2125
2127
2129
2131
2133
2134
2136
2138
2142
2144
2145
2150
2151
2152
2163
2166
2173
2177
2178
2183
2185
2186
2189
2191
2192
2205
2207
2212
2213
2216
2217
2222
2224
2227
2231
2233
2234
2236
2242
2245
2246
2247
2248
2251
2252
2254
2261
2266
2268
2272
2284
2299
2301
2302
2304
2305
2306
2307
2309
2313
2314
2315
2318
2328
2329
2333
2335
2339
2341
2342
2345
2349
2352
2355
2361
2368
2369
2371
2376
2381
2387
2389
2390
2392
2397
2398
2403
2404
2411
2414
2419
2420
2423
2427
2430
2433
2434
2436
2438
2444
2446
2448
2450
2453
2458
2461
2463
2464
2466
2474
2480
2482
2488
2492
2493
2497
2499
2506
2523
2525
2529
2530
2532
2534
2537
2539
2544
2550
2551
2558
2560
2569
2571
2572
2587
2589
2608
2611
2613
2616
2617
2623
2624
2628
2633
2634
2644
2645
2647
2648
2649
2652
2654
2655
2661
2666
2673
2674
2681
2689
2694
2699
2704
2707
2711
2714
2719
2720
2721
2726
2727
2735
2737
2740
2752
2756
2759
2763
2769
2771
2773
2776
2783
2787
2790
2791
2796
2804
2805
2807
2808
2810
2811
2820
2821
2826
2831
2832
2835
2837
2838
2839
2842
2851
2853
2854
2857
2862
2876
2880
2882
2884
2893
2896
2903
2904
2908
2910
2911
2917
2921
2922
2924
2927
2931
2937
2938
2943
2947
2948
2950
2955
2961
2965
2966
2971
2976
2978
2979
2980
2981
2989
2990
2994
3001
3007
3011
3012
3015
3017
3021
3022
3031
3041
3043
3047
3055
3056
3062
3073
3081
3082
3083
3084
3088
3089
3090
3091
3094
3096
3098
3113
3118
3121
3125
3126
3133
3135
3140
3145
3147
3148
3149
3150
3151
3152
3158
3160
3161
3163
3171
3180
3182
3185
3186
3192
3193
3199
3204
3214
3218
3223
3229
3232
3240
3242
3247
3249
3257
3260
3263
3266
3268
3269
3272
3275
3281
3286
3289
3291
3301
3309
3313
3315
3316
3319
3332
3337
3338
3344
3345
3355
3359
3365
3366
3367
3368
3369
3371
3377
3382
3384
3392
3394
3397
3399
3402
3404
3406
3412
3413
3416
3422
3427
3428
3429
3430
3431
3432
3434
3439
3440
3441
3447
3452
3455
3457
3459
3466
3469
3476
3479
3483
3489
3490
3500
3504
3509
3511
3542
3547
3550
3554
3564
3565
3568
3569
3572
3574
3577
3580
3582
3586
3590
3594
3600
3602
3603
3604
3609
3617
3618
3620
3621
3623
3626
3631
3633
3636
3638
3640
3645
3650
3654
3659
3663
3665
3668
3669
3671
3679
3682
3691
3702
3703
3705
3707
3709
3711
3715
3716
3723
3725
3726
3727
3730
3735
3739
3742
3744
3745
3750
3755
3756
3763
3766
3767
3768
3775
3780
3781
3784
3785
3790
3792
3793
3795
3798
3799
3803
3805
3816
3819
3821
3823
3833
3834
3844
3846
3847
3853
3857
3859
3860
3861
3863
3866
3869
3877
3880
3883
3884
3888
3895
3898
3901
3902
3905
3907
3910
3912
3913
3914
3916
3920
3921
3922
3932
3934
3935
3939
3943
3955
3956
3958
3960
3963
3964
3972
3979
3981
3997
3999
4000
4001
4002
4008
4015
4017
4025
4027
4029
4031
4032
4040
4042
4045
4047
4048
4053
4056
4064
4065
4067
4069
4072
4073
4077
4078
4080
4088
4091
4093
4097
4098
4103
4106
4107
4118
4119
4125
4126
4132
4136
4137
4142
4146
4156
4157
4161
4162
4167
4179
4181
4186
4188
4191
4194
4196
4203
4204
4205
4206
4208
4219
4223
4229
4230
4234
4241
4242
4243
4244
4252
4254
4266
4273
4277
4286
4287
4288
4291
4301
4303
4306
4312
4313
4314
4315
4316
4321
4322
4329
4333
4339
4340
4341
4347
4348
4352
4365
4367
4368
4373
4376
4378
4379
4381
4390
4399
4401
4402
4403
4407
4413
4418
4423
4427
4432
4433
4434
4437
4440
4441
4446
4452
4456
4458
4459
4469
4476
4477
4478
4483
4485
4488
4492
4495
4518
4519
4520
4530
4533
4536
4537
4541
4543
4546
4548
4550
4559
4560
4561
4562
4563
4571
4574
4575
4576
4582
4590
4595
4597
4598
4604
4614
4618
4620
4622
4624
4625
4626
4627
4633
4634
4638
4639
4643
4646
4649
4652
4656
4658
4668
4672
4673
4675
4679
4686
4688
4689
4696
4700
4706
4712
4718
4719
4721
4723
4725
4729
4730
4732
4733
4738
4740
4741
4742
4743
4748
4751
4754
4772
4775
4782
4783
4784
4786
4792
4793
4795
4799
4800
4803
4809
4811
4813
4822
4823
4824
4830
4833
4835
4837
4843
4848
4852
4853
4855
4857
4859
4860
4861
4863
4864
4867
4868
4870
4874
4878
4881
4884
4885
4888
4897
4899
4901
4903
4904
4905
4906
4914
4915
4920
4923
4924
4936
4938
4939
4940
4943
4944
4950
4952
4960
4962
4966
4969
4970
4973
4978
4982
4984
4986
4996
4997
4999
5008
5009
5011
5027
5028
5029
5030
5031
5033
5038
5040
5042
5044
5045
5047
5048
5049
5051
5052
5053
5057
5059
5060
5065
5068
5070
5073
5077
5079
5084
5085
5094
5095
5096
5097
5110
5112
5113
5115
5116
5119
5120
5123
5129
5130
5131
5132
5134
5144
5147
5158
5160
5163
5166
5168
5169
5171
5172
5175
5177
5184
5186
5187
5188
5192
5193
5194
5195
5197
5201
5202
5206
5211
5216
5224
5227
5235
5236
5237
5240
5242
5247
5250
5252
5253
5257
5258
5260
5265
5271
5275
5284
5290
5296
5298
5300
5301
5302
5304
5306
5309
5313
5315
5316
5322
5326
5332
5333
5335
5338
5339
5340
5341
5343
5348
5356
5360
5364
5367
5375
5384
5388
5394
5395
5399
5402
5414
5421
5423
5425
5430
5436
5437
5439
5450
5455
5459
5460
5462
5463
5466
5470
5471
5474
5478
5479
5481
5483
5487
5489
5491
5492
5496
5501
5511
5512
5516
5519
5520
5523
5526
5536
5537
5542
5545
5547
5556
5559
5560
5562
5563
5564
5568
5570
5571
5573
5578
5580
5585
5586
5590
5591
5593
5602
5610
5612
5613
5620
5624
5628
5632
5639
5642
5649
5652
5653
5670
5673
5676
5680
5681
5684
5686
5695
5696
5697
5698
5703
5704
5706
5714
5716
5719
5721
5726
5727
5729
5735
5736
5738
5742
5743
5744
5746
5748
5749
5753
5755
5758
5767
5769
5771
5775
5777
5779
5783
5790
5792
5795
5799
5803
5810
5817
5822
5838
5841
5850
5855
5856
5858
5862
5865
5866
5868
5869
5871
5872
5875
5879
5881
5884
5889
5892
5894
5901
5911
5920
5922
5927
5931
5932
5934
5940
5943
5944
5955
5957
5975
5976
5978
5979
5980
5981
5989
5994
6000
6005
6006
6012
6016
6021
6029
6039
6053
6057
6060
6062
6064
6065
6072
6073
6076
6080
6084
6092
6095
6097
6101