вшьќџэ

56
159
290
304
315
365
465
494
510
601
650
658
670
744
768
857
1038
1135
1243
1248
1272
1326
1356
1469
1564
1620
1638
1657
1660
1747
1768
1786
1798
1817
2025
2078
2080
2150
2268
2328
2332
2364
2466
2493
2501
2534
2551
2601
2631
2715
2727
2835
2884
2989
3021
3032
3069
3079
3254
3268
3289
3314
3382
3392
3416
3459
3540
3621
3709
3802
4001
4110
4118
4266
4286
4449
4485
4507
4597
4625
4681
4795
4870
4916
5057
5114
5164
5167
5274
5304
5339
5423
5472
5484
5507
5542
5714
5729
5830
5942
5943
6057
6061