Подсолнечное масло

12
64
109
175
209
280
314
326
336
354
365
392
466
469
522
553
643
658
664
739
759
768
786
822
924
930
933
1102
1214
1319
1414
1482
1641
1712
1731
1824
1906
1921
2106
2130
2165
2202
2250
2315
2320
2338
2374
2390
2411
2464
2687
2713
2758
2823
2874
2906
2949
3036
3232
3281
3287
3289
3334
3396
3419
3420
3452
3483
3494
3531
3537
3544
3613
3776
3824
3834
3928
3929
3989
4025
4073
4099
4151
4179
4216
4333
4351
4352
4384
4411
4423
4427
4457
4566
4601
4644
4752
4804
4831
4844
4930
4959
4971
5000
5006
5016
5050
5102
5122
5146
5151
5170
5240
5242
5259
5292
5308
5448
5454
5486
5531
5597
5604
5613
5630
5713
5779
5800
5895
6019
6057
6076