Красный лук

59
141
151
212
247
301
341
352
356
363
382
387
399
413
417
448
465
477
565
614
660
663
664
667
774
804
817
845
868
946
947
1008
1030
1041
1044
1067
1094
1125
1179
1211
1216
1219
1247
1258
1266
1306
1311
1351
1404
1411
1478
1479
1488
1525
1530
1555
1589
1612
1646
1684
1692
1722
1734
1750
1771
1778
1804
1874
1881
1928
1949
1990
2000
2017
2078
2083
2175
2177
2194
2261
2290
2309
2316
2343
2364
2395
2462
2507
2595
2610
2630
2631
2678
2686
2697
2723
2735
2776
2779
2838
2843
2847
2915
2938
2951
2955
2987
2994
3017
3020
3069
3084
3089
3140
3149
3159
3188
3241
3242
3246
3249
3256
3260
3286
3297
3310
3336
3349
3372
3392
3404
3408
3413
3457
3473
3497
3506
3507
3549
3576
3577
3626
3644
3685
3759
3789
3790
3792
3798
3829
3835
3873
3884
3887
3932
3991
4057
4088
4103
4119
4123
4129
4154
4195
4235
4288
4303
4313
4341
4384
4404
4417
4476
4491
4507
4521
4581
4637
4651
4725
4746
4753
4756
4799
4816
4828
4845
4870
4884
4887
4923
4943
4982
4999
5011
5049
5052
5108
5110
5112
5187
5201
5203
5246
5260
5290
5304
5329
5338
5363
5369
5382
5388
5393
5399
5407
5417
5462
5493
5540
5547
5560
5573
5606
5653
5669
5700
5719
5736
5738
5748
5749
5769
5790
5803
5808
5810
5814
5848
5876
5894
5925
5931
5975
5983
5985
6000
6019
6050
6056
6058
6080
6092
6093