Ñûð

7
27
31
81
83
156
162
172
215
261
312
359
360
376
395
485
487
520
533
543
580
586
653
672
678
724
755
793
866
881
929
933
1009
1028
1029
1055
1068
1098
1105
1108
1136
1175
1228
1265
1293
1311
1341
1371
1375
1388
1390
1407
1439
1468
1484
1526
1535
1558
1603
1626
1627
1641
1655
1661
1705
1723
1732
1744
1816
1976
1995
2037
2084
2093
2234
2299
2302
2405
2421
2423
2528
2546
2651
2652
2663
2683
2751
2769
2783
2846
2849
2869
2913
2928
2950
2975
3019
3041
3113
3115
3146
3173
3182
3295
3328
3412
3429
3432
3465
3478
3496
3526
3615
3633
3653
3669
3704
3743
3785
3822
3844
3897
3898
3903
3918
3930
3939
3956
3971
3972
4106
4112
4132
4139
4213
4307
4365
4367
4387
4435
4443
4474
4478
4509
4631
4654
4667
4683
4719
4729
4757
4766
4793
4823
4857
4886
4934
4945
4969
4988
5003
5008
5043
5093
5259
5335
5354
5367
5407
5427
5433
5471
5565
5575
5579
5594
5618
5621
5627
5681
5704
5724
5785
5795
5989
6008