ѕшенична€ мука

3
7
22
25
28
30
31
37
40
47
49
50
55
56
62
71
73
75
76
83
85
92
93
94
96
97
106
108
130
131
132
135
143
144
147
151
154
157
163
164
167
175
176
178
182
185
190
192
195
208
218
220
221
223
225
239
253
254
255
256
259
261
262
264
266
278
285
286
293
302
311
312
318
319
321
328
336
342
353
362
364
367
370
386
390
392
400
403
416
419
420
429
431
434
437
440
447
452
461
468
482
488
491
492
493
496
502
503
513
517
519
524
531
537
539
540
541
542
545
553
558
560
563
580
581
590
591
592
593
598
599
600
608
618
621
623
625
631
637
652
657
669
671
672
680
683
685
689
690
693
707
708
710
715
718
719
720
725
728
732
734
735
739
749
751
758
763
766
770
776
783
799
808
817
820
822
823
824
826
829
845
848
853
856
865
866
867
869
874
878
879
883
889
892
905
908
913
917
926
940
945
947
953
961
965
973
975
984
990
992
997
1003
1007
1033
1048
1052
1058
1061
1075
1086
1090
1093
1098
1101
1102
1103
1112
1113
1115
1120
1127
1128
1135
1137
1143
1148
1149
1153
1154
1159
1161
1171
1173
1175
1182
1188
1191
1192
1199
1203
1208
1214
1217
1221
1222
1226
1233
1239
1246
1255
1257
1263
1265
1277
1280
1284
1287
1289
1310
1318
1319
1322
1323
1324
1328
1334
1341
1355
1356
1359
1360
1367
1369
1370
1393
1397
1408
1414
1415
1421
1423
1424
1432
1437
1439
1440
1445
1446
1451
1453
1454
1455
1458
1463
1476
1480
1483
1486
1495
1507
1519
1520
1529
1533
1536
1538
1539
1547
1560
1566
1567
1571
1574
1579
1586
1592
1596
1599
1602
1606
1610
1616
1617
1618
1629
1631
1633
1636
1643
1662
1666
1672
1681
1685
1686
1689
1699
1700
1703
1704
1706
1712
1713
1714
1719
1722
1729
1735
1736
1740
1742
1749
1752
1757
1763
1764
1769
1776
1778
1782
1792
1796
1797
1802
1806
1808
1820
1825
1829
1831
1833
1837
1838
1839
1842
1845
1851
1853
1868
1875
1880
1883
1885
1889
1890
1893
1895
1899
1900
1902
1905
1909
1912
1913
1916
1929
1930
1938
1940
1941
1953
1954
1957
1958
1963
1965
1967
1969
1982
1983
1999
2001
2005
2009
2012
2013
2014
2018
2020
2022
2023
2028
2032
2035
2037
2039
2047
2060
2061
2063
2064
2065
2070
2073
2077
2079
2084
2086
2089
2093
2095
2102
2103
2105
2117
2121
2122
2126
2128
2131
2135
2138
2139
2143
2147
2168
2169
2171
2173
2174
2176
2180
2188
2191
2196
2202
2203
2210
2215
2228
2229
2231
2240
2250
2253
2254
2255
2256
2259
2262
2270
2281
2284
2287
2289
2302
2303
2322
2328
2330
2332
2350
2356
2358
2360
2361
2362
2365
2374
2388
2406
2412
2413
2414
2436
2440
2442
2449
2457
2459
2460
2461
2463
2476
2479
2481
2483
2487
2490
2503
2506
2514
2522
2527
2530
2535
2537
2538
2539
2543
2544
2554
2562
2563
2564
2566
2569
2576
2579
2589
2590
2593
2596
2597
2598
2600
2612
2618
2622
2634
2641
2663
2691
2698
2700
2702
2703
2708
2709
2710
2711
2712
2717
2721
2722
2726
2732
2736
2745
2746
2753
2755
2757
2758
2762
2766
2768
2770
2773
2778
2780
2781
2789
2792
2801
2807
2809
2811
2815
2817
2818
2824
2828
2830
2845
2853
2857
2863
2864
2866
2867
2892
2896
2897
2901
2902
2903
2913
2922
2923
2932
2942
2944
2946
2950
2959
2962
2966
2972
2978
2982
2988
2990
3000
3003
3006
3009
3011
3015
3016
3024
3029
3036
3040
3044
3055
3057
3062
3064
3098
3100
3112
3115
3119
3123
3132
3138
3145
3148
3151
3153
3156
3163
3165
3169
3173
3179
3181
3187
3189
3191
3193
3194
3195
3198
3203
3205
3206
3207
3208
3209
3217
3219
3222
3223
3227
3231
3236
3243
3248
3249
3253
3258
3259
3261
3262
3264
3265
3267
3272
3274
3282
3286
3287
3288
3294
3300
3308
3317
3321
3324
3326
3340
3347
3348
3361
3365
3379
3393
3394
3396
3417
3419
3420
3423
3427
3429
3436
3442
3446
3448
3450
3451
3452
3453
3463
3465
3467
3472
3478
3491
3498
3501
3502
3512
3517
3521
3527
3529
3532
3534
3541
3544
3555
3556
3560
3567
3575
3579
3589
3600
3604
3605
3613
3622
3630
3634
3635
3645
3647
3648
3657
3670
3674
3675
3676
3679
3681
3683
3686
3688
3692
3696
3697
3708
3710
3711
3727
3729
3749
3752
3757
3762
3763
3769
3771
3782
3795
3808
3809
3810
3814
3817
3818
3824
3825
3826
3834
3836
3838
3842
3843
3844
3847
3848
3854
3856
3857
3861
3863
3865
3871
3872
3875
3876
3878
3891
3897
3898
3902
3906
3909
3921
3928
3944
3950
3953
3954
3956
3959
3961
3966
3975
3980
3984
3988
3992
3993
3999
4002
4005
4009
4020
4024
4026
4029
4041
4046
4051
4055
4064
4072
4081
4084
4090
4092
4095
4097
4099
4100
4108
4114
4117
4126
4133
4134
4138
4144
4145
4151
4152
4160
4171
4189
4198
4199
4200
4201
4202
4203
4210
4211
4216
4218
4220
4224
4244
4245
4246
4248
4250
4251
4254
4262
4263
4266
4267
4275
4278
4280
4283
4304
4318
4319
4323
4327
4328
4331
4332
4335
4336
4341
4342
4351
4353
4354
4358
4366
4370
4389
4391
4392
4414
4422
4423
4425
4427
4436
4441
4447
4451
4457
4459
4460
4464
4466
4472
4478
4479
4481
4494
4496
4513
4514
4517
4518
4521
4523
4527
4536
4539
4546
4547
4570
4572
4576
4577
4585
4587
4594
4607
4609
4611
4625
4630
4646
4657
4665
4668
4669
4671
4673
4678
4681
4682
4688
4694
4697
4709
4717
4718
4724
4726
4728
4730
4737
4741
4755
4758
4760
4762
4765
4772
4774
4779
4780
4788
4789
4807
4811
4814
4817
4818
4822
4829
4831
4837
4841
4844
4847
4853
4854
4858
4859
4862
4864
4865
4868
4871
4883
4891
4896
4909
4911
4918
4925
4928
4936
4939
4941
4947
4949
4950
4956
4957
4958
4964
4965
4967
4972
4975
4978
4985
4987
4988
4991
4992
5000
5001
5003
5004
5012
5018
5022
5028
5037
5040
5042
5045
5050
5054
5056
5062
5071
5075
5081
5087
5090
5100
5117
5127
5135
5137
5138
5139
5143
5145
5169
5174
5176
5181
5182
5193
5205
5208
5214
5216
5222
5223
5228
5229
5230
5232
5233
5238
5242
5244
5259
5262
5265
5269
5270
5272
5273
5274
5281
5283
5285
5287
5288
5289
5291
5301
5316
5319
5331
5343
5344
5345
5347
5350
5360
5367
5371
5373
5378
5385
5403
5426
5428
5435
5441
5444
5449
5455
5458
5459
5463
5469
5471
5483
5503
5507
5508
5531
5541
5542
5543
5546
5552
5563
5565
5569
5588
5594
5603
5623
5627
5629
5634
5640
5651
5654
5664
5675
5676
5677
5679
5687
5690
5691
5705
5708
5711
5721
5733
5734
5736
5740
5745
5746
5757
5760
5764
5765
5767
5772
5773
5780
5782
5787
5791
5794
5805
5807
5811
5813
5815
5823
5829
5831
5834
5836
5842
5843
5844
5845
5846
5847
5849
5853
5862
5868
5871
5893
5897
5899
5900
5903
5904
5908
5912
5918
5923
5932
5936
5938
5943
5944
5953
5954
5964
5970
5979
5988
5998
5999
6004
6015
6017
6018
6025
6034
6037
6038
6042
6044
6045
6059
6063
6066
6068
6072
6082
6083
6089