Красный перец чили

1
36
41
61
91
152
204
205
235
356
409
467
470
530
548
594
613
686
697
698
827
864
877
946
979
1016
1044
1067
1142
1210
1285
1332
1338
1381
1391
1404
1409
1534
1589
1615
1859
1927
1996
2083
2092
2130
2158
2179
2192
2194
2198
2238
2316
2335
2336
2380
2473
2519
2536
2558
2676
2741
2831
2890
2951
2987
3018
3031
3035
3050
3059
3063
3082
3095
3128
3170
3200
3252
3296
3303
3372
3395
3497
3532
3590
3591
3638
3799
3801
3835
3887
3911
3912
3943
3944
4018
4037
4080
4129
4173
4230
4254
4272
4281
4302
4315
4316
4334
4346
4372
4383
4400
4659
4669
4696
4700
4792
4839
4842
4848
4887
4900
4963
5015
5066
5105
5142
5190
5264
5317
5349
5408
5468
5567
5600
5619
5638
5797
5800
5876
5969
5974
5986
5994
6010
6024
6062