Майонез

47
53
54
75
137
153
198
216
303
308
326
341
347
366
375
466
476
499
506
520
583
607
609
620
648
679
695
819
836
906
920
929
968
993
994
1029
1068
1081
1134
1142
1175
1210
1250
1282
1289
1301
1328
1330
1335
1336
1468
1471
1535
1546
1558
1581
1641
1650
1661
1675
1714
1719
1723
1741
1744
1796
1801
1816
1826
1841
1845
1884
1886
1928
1942
1981
2002
2012
2149
2170
2178
2220
2227
2228
2234
2264
2278
2299
2388
2405
2423
2446
2489
2497
2553
2568
2595
2728
2751
2775
2783
2791
2821
2851
2853
2887
2928
2942
2948
2975
3030
3042
3047
3071
3113
3151
3225
3280
3376
3416
3432
3440
3452
3493
3496
3572
3669
3687
3704
3774
3777
3788
3879
3903
3917
3918
3925
3926
3927
3939
3969
4031
4040
4071
4086
4128
4139
4142
4174
4181
4202
4213
4217
4264
4288
4307
4314
4375
4401
4414
4473
4474
4477
4483
4490
4493
4509
4551
4645
4667
4683
4702
4757
4782
4793
4808
4819
4886
4899
4935
4943
4944
4954
4976
4986
5018
5032
5043
5093
5118
5155
5190
5217
5264
5316
5318
5372
5389
5401
5407
5427
5434
5473
5515
5530
5535
5563
5571
5592
5669
5762
5781
5789
5839
5845
5854
5857
5863
5873
5891
5935
5952
5963
5989
6008
6077
6084
6091