Вода

3
6
39
40
49
51
55
56
67
71
76
77
123
127
143
147
154
179
200
208
220
223
252
253
255
256
267
274
302
320
328
348
354
379
394
405
413
422
425
427
436
437
439
449
469
473
474
488
495
507
524
525
531
537
542
553
557
563
571
588
613
615
630
635
638
639
647
653
655
683
689
691
693
715
720
735
737
738
747
751
754
761
763
772
773
791
797
799
819
821
837
886
900
905
938
947
955
962
966
970
971
983
1000
1001
1039
1045
1047
1048
1058
1067
1102
1112
1143
1144
1149
1157
1161
1173
1194
1199
1216
1218
1226
1233
1234
1236
1241
1253
1254
1259
1275
1277
1288
1319
1323
1334
1339
1376
1394
1399
1425
1439
1445
1454
1455
1458
1466
1467
1477
1491
1493
1496
1516
1518
1520
1524
1563
1609
1623
1633
1636
1640
1651
1679
1682
1683
1686
1701
1708
1715
1720
1726
1748
1752
1756
1762
1763
1773
1791
1796
1797
1800
1810
1819
1823
1835
1867
1872
1873
1875
1896
1907
1910
1912
1913
1923
1924
1948
1955
1982
1986
1996
2008
2013
2023
2031
2032
2048
2056
2079
2086
2102
2128
2129
2130
2139
2141
2143
2146
2167
2176
2183
2184
2189
2231
2240
2249
2254
2258
2270
2273
2276
2280
2281
2292
2307
2310
2317
2322
2330
2340
2347
2360
2361
2374
2384
2396
2397
2402
2434
2440
2442
2472
2473
2481
2506
2515
2527
2538
2549
2562
2563
2575
2589
2591
2597
2600
2615
2618
2623
2625
2626
2634
2650
2661
2670
2681
2685
2690
2702
2715
2717
2742
2748
2756
2775
2777
2806
2807
2809
2818
2838
2850
2854
2858
2866
2870
2874
2890
2896
2908
2912
2923
2930
2933
2951
2955
2966
2969
2982
3000
3003
3019
3026
3029
3039
3057
3061
3062
3072
3080
3087
3107
3119
3143
3145
3160
3184
3186
3187
3193
3207
3213
3217
3222
3236
3250
3258
3264
3272
3294
3307
3324
3325
3336
3341
3343
3350
3352
3355
3356
3357
3363
3369
3384
3385
3398
3425
3437
3475
3482
3502
3512
3513
3517
3521
3531
3533
3541
3543
3546
3556
3561
3588
3602
3606
3616
3619
3627
3630
3637
3643
3644
3646
3656
3673
3688
3708
3710
3713
3744
3749
3753
3764
3769
3775
3780
3795
3825
3828
3841
3843
3844
3847
3848
3863
3869
3896
3908
3909
3920
3923
3942
3944
3980
3983
4005
4007
4011
4012
4024
4032
4039
4064
4079
4082
4090
4095
4100
4120
4130
4137
4141
4150
4152
4159
4165
4185
4203
4207
4209
4216
4224
4232
4236
4239
4243
4245
4248
4250
4255
4259
4260
4265
4266
4275
4285
4292
4309
4326
4334
4335
4337
4347
4350
4354
4356
4366
4395
4401
4411
4418
4422
4423
4424
4435
4454
4472
4484
4488
4492
4504
4517
4536
4537
4545
4565
4572
4580
4585
4586
4594
4603
4605
4607
4609
4612
4630
4652
4656
4661
4668
4678
4700
4704
4707
4733
4745
4752
4760
4774
4779
4781
4790
4800
4812
4829
4836
4841
4858
4863
4871
4890
4906
4912
4916
4918
4934
4937
4960
4972
4980
4981
4996
5019
5024
5037
5046
5050
5060
5062
5087
5088
5111
5128
5135
5145
5176
5180
5200
5202
5204
5205
5219
5223
5228
5233
5239
5240
5257
5280
5297
5308
5317
5321
5324
5333
5343
5350
5358
5371
5375
5376
5380
5403
5406
5412
5423
5433
5444
5446
5452
5466
5469
5472
5484
5487
5514
5529
5544
5549
5557
5569
5572
5584
5604
5623
5625
5637
5655
5661
5662
5665
5681
5687
5702
5708
5710
5711
5750
5760
5761
5765
5773
5774
5776
5807
5823
5828
5831
5834
5836
5837
5842
5874
5876
5891
5903
5905
5907
5913
5918
5920
5944
5961
5964
5967
5970
5979
5982
5991
5992
5999
6002
6017
6018
6035
6036
6037
6038
6044
6059
6079
6082
6083
6094