÷укини

53
66
88
101
175
178
247
290
293
295
309
322
363
448
521
569
660
687
700
863
903
1129
1131
1174
1183
1213
1247
1329
1351
1378
1394
1413
1432
1474
1475
1507
1593
1615
1760
1786
1840
1853
1898
1911
1931
1966
2040
2140
2162
2189
2222
2248
2265
2267
2334
2429
2472
2493
2534
2673
2677
2760
2772
2840
2915
2965
2986
3079
3132
3210
3222
3232
3256
3281
3366
3402
3561
3702
3807
3839
3862
3973
4001
4071
4074
4107
4113
4121
4150
4154
4164
4230
4284
4287
4312
4370
4384
4420
4507
4510
4546
4582
4610
4672
4735
4743
4870
4878
4945
4984
4988
4989
5018
5077
5112
5210
5229
5252
5273
5275
5298
5363
5371
5409
5478
5479
5525
5534
5600
5613
5636
5709
5803
5848
5875
5882