Молотый кумин (зира)

99
119
140
240
268
345
413
467
469
512
568
671
733
769
821
846
882
1151
1216
1339
1346
1401
1478
1518
1584
1644
1649
1671
1741
1777
1827
1853
1890
1946
2046
2120
2172
2201
2272
2279
2305
2353
2419
2482
2701
2852
2980
3002
3058
3072
3130
3193
3228
3247
3325
3473
3510
3519
3520
3870
3943
3944
4039
4068
4097
4107
4143
4277
4287
4356
4402
4410
4503
4560
4589
4597
4637
4787
4799
4839
4842
4877
4952
5005
5025
5033
5042
5147
5188
5191
5194
5263
5325
5375
5516
5529
5584
5684
5732
5819
5826
5896
6014
6039