Рисовый уксус

32
36
51
137
280
284
412
456
534
620
640
682
777
843
887
895
956
982
1001
1023
1134
1245
1299
1330
1332
1333
1392
1429
1516
1530
1595
1651
1810
1815
1819
1859
1865
1873
1955
1984
1986
1987
1989
1994
2094
2220
2310
2343
2426
2473
2654
2675
2733
2748
2833
2974
3001
3087
3126
3160
3162
3170
3241
3292
3327
3363
3407
3474
3497
3565
3585
3658
3660
3718
3773
3783
3908
3998
4085
4174
4343
4344
4345
4350
4375
4401
4408
4569
4753
4850
4927
5027
5034
5067
5101
5105
5124
5128
5209
5310
5386
5415
5454
5460
5461
5544
5656
5675
5706
5754
5836
5852
5874
5885
5888
5946
5956
5961
5969
6093
6096