Говядина

94
148
176
255
277
344
356
521
601
661
665
832
871
881
980
1048
1066
1128
1143
1193
1217
1259
1288
1303
1313
1347
1454
1546
1785
1859
1873
1885
1886
1892
1909
1935
1962
2007
2022
2084
2166
2247
2295
2307
2376
2387
2435
2552
2676
2809
2881
2944
2953
2966
3020
3024
3062
3144
3182
3269
3377
3394
3413
3435
3515
3517
3520
3668
3671
3711
3763
3769
3778
3812
3839
3845
3944
3989
4097
4122
4300
4314
4393
4401
4475
4605
4734
5045
5100
5105
5189
5202
5291
5293
5352
5434
5481
5526
5546
5660
5749
5896
5902
5993
6062
6072
6074
6093
6095