Черный перец горошком

27
39
235
290
302
317
322
404
536
557
571
581
650
654
688
747
773
804
811
841
856
865
869
947
976
1032
1176
1272
1274
1300
1325
1469
1484
1517
1620
1642
1708
1821
1903
2003
2034
2057
2085
2090
2186
2225
2251
2300
2319
2409
2442
2501
2523
2591
2594
2631
2748
2812
2944
2969
3061
3065
3104
3108
3118
3122
3132
3141
3289
3296
3314
3403
3426
3481
3533
3592
3637
3642
3646
3680
3802
3840
3928
4076
4122
4166
4175
4258
4260
4265
4305
4324
4366
4393
4426
4466
4484
4492
4525
4545
4549
4586
4603
4672
4778
4906
5043
5136
5164
5189
5225
5235
5322
5424
5484
5566
5572
5605
5653
5658
5717
5723
5751
5775
5924
6024
6075