Стебель сельдерея

4
74
117
144
161
214
324
327
341
417
448
471
538
703
780
783
843
880
903
914
976
1149
1174
1202
1217
1224
1235
1270
1302
1418
1469
1504
1524
1557
1565
1620
1632
1635
1784
1832
2078
2127
2167
2177
2178
2352
2536
2540
2551
2595
2644
2770
2831
2841
2881
2987
3032
3058
3120
3147
3200
3249
3252
3269
3274
3403
3413
3426
3430
3435
3455
3466
3540
3577
3587
3635
3742
3744
3793
3840
3928
4021
4040
4074
4154
4182
4192
4228
4291
4341
4375
4473
4475
4495
4507
4525
4550
4555
4622
4646
4672
4700
4734
4766
4805
4813
4896
4904
4923
4953
4979
4984
4996
5010
5073
5118
5152
5160
5177
5252
5256
5375
5388
5393
5406
5547
5606
5657
5729
5731
5738
5771
5820
5981
5991
6010