Томатная паста

43
76
93
116
117
118
156
160
194
199
244
246
248
250
251
410
434
439
459
473
482
486
509
568
626
677
735
754
839
881
887
966
1013
1020
1037
1055
1086
1105
1112
1123
1149
1151
1216
1244
1267
1285
1300
1313
1338
1351
1399
1469
1518
1603
1634
1682
1722
1728
1756
1764
1784
1817
1821
1910
2050
2065
2093
2127
2195
2200
2238
2300
2368
2387
2419
2427
2519
2526
2546
2556
2575
2611
2651
2662
2675
2683
2736
2770
2777
2787
2813
2821
2836
2858
2895
2981
3015
3041
3078
3087
3174
3228
3249
3269
3271
3367
3396
3411
3412
3416
3460
3489
3520
3547
3564
3593
3633
3635
3679
3711
3723
3726
3743
3750
3778
3795
3856
3857
3901
3902
3910
3945
3990
3996
4028
4046
4047
4095
4116
4122
4142
4158
4192
4226
4266
4310
4340
4341
4369
4373
4400
4421
4478
4486
4543
4563
4587
4605
4634
4708
4726
4760
4824
4838
4913
5008
5220
5234
5236
5296
5297
5305
5313
5332
5343
5425
5436
5499
5520
5547
5553
5559
5561
5585
5619
5645
5665
5684
5692
5697
5716
5731
5732
5738
5810
5824
5834
5866
5889
5895
5901
5919
5956
5978
6044
6062
6075
6081