Молотая корица

1
37
57
106
113
128
167
318
338
362
400
447
465
557
604
614
618
710
749
758
805
1052
1093
1122
1323
1498
1512
1519
1533
1567
1582
1639
1667
1671
1700
1812
1829
1833
1846
1867
1869
1968
1970
2031
2048
2165
2188
2321
2509
2533
2558
2559
2590
2597
2638
2696
2720
2745
2819
2830
2879
2892
2935
3034
3084
3117
3129
3130
3202
3298
3305
3348
3349
3361
3367
3395
3420
3520
3521
3543
3555
3560
3562
3602
3628
3681
3742
3828
3891
3912
3915
3945
3953
3962
4014
4150
4236
4289
4295
4392
4425
4501
4517
4588
4650
4676
4691
4766
4783
4842
5013
5075
5078
5089
5181
5208
5239
5247
5294
5353
5404
5412
5441
5469
5529
5684
5691
5828
5882
5898
5966
6015
6034
6045