Кунжутное масло

13
36
64
72
91
148
151
183
204
211
263
426
435
456
467
468
495
551
564
579
777
793
796
807
808
831
843
852
885
887
924
949
1005
1012
1017
1023
1044
1067
1156
1174
1238
1294
1324
1383
1394
1409
1420
1473
1530
1622
1632
1640
1680
1684
1814
1838
1859
1872
1943
1955
1964
1984
1989
2086
2111
2146
2351
2375
2380
2383
2384
2391
2395
2455
2505
2516
2643
2654
2659
2680
2684
2685
2692
2742
2763
2793
2859
2873
2883
2891
2929
2939
2967
2995
3005
3018
3050
3057
3074
3126
3140
3218
3220
3222
3234
3241
3294
3342
3363
3426
3464
3549
3587
3622
3639
3655
3746
3751
3765
3801
3815
3831
3846
3924
3998
4007
4018
4085
4094
4116
4119
4120
4153
4190
4197
4211
4214
4270
4274
4325
4344
4355
4375
4384
4409
4417
4461
4526
4555
4579
4644
4714
4732
4739
4753
4786
4846
4872
4879
4895
4906
4931
4951
4968
5060
5102
5105
5124
5140
5154
5180
5207
5209
5231
5303
5330
5393
5454
5485
5613
5636
5662
5706
5756
5836
5885
5948
5959
5968
6038
6040
6050
6074
6093
6095
6103