Лук-порей

23
57
211
244
317
332
412
423
426
474
658
676
716
783
788
851
858
860
862
887
903
934
1022
1024
1135
1202
1205
1215
1302
1351
1445
1532
1550
1552
1559
1626
1632
1680
1692
1712
1733
1735
1817
1919
1979
2016
2049
2078
2086
2232
2333
2342
2375
2523
2540
2594
2630
2666
2719
2743
2848
2859
2881
2903
2937
2947
2954
2998
3021
3027
3076
3090
3132
3274
3370
3402
3403
3464
3476
3546
3588
3614
3641
3702
3718
3732
3753
3765
3840
3928
3960
4018
4049
4074
4244
4333
4390
4437
4525
4530
4546
4579
4601
4634
4644
4672
4751
4758
4801
4813
4857
4887
4920
4963
4996
5032
5123
5130
5169
5173
5211
5248
5254
5256
5274
5329
5371
5386
5432
5454
5471
5475
5554
5636
5652
5653
5709
5710
5775
5776
5797
5818
5836
5923
5949
5950
5999
6033
6041
6074