Зеленый лук

51
57
60
64
91
93
117
183
206
219
222
238
242
247
268
271
272
284
307
335
376
391
393
423
430
434
448
463
468
477
494
524
535
538
542
561
585
594
598
609
622
657
667
673
703
712
714
742
757
773
778
781
782
788
808
831
863
886
900
935
942
952
957
996
1005
1012
1016
1017
1062
1070
1110
1148
1178
1201
1205
1227
1269
1289
1324
1358
1359
1377
1383
1392
1396
1404
1419
1445
1473
1493
1501
1524
1569
1583
1601
1632
1677
1717
1746
1771
1777
1783
1805
1810
1834
1862
1878
1884
1887
1897
1911
1936
1943
1953
1980
1984
1989
2000
2004
2015
2040
2052
2075
2079
2083
2091
2094
2110
2111
2139
2145
2148
2159
2187
2192
2193
2198
2208
2209
2242
2271
2283
2316
2344
2357
2360
2363
2375
2383
2389
2422
2435
2473
2478
2508
2510
2516
2521
2534
2570
2580
2591
2603
2604
2613
2630
2643
2660
2672
2674
2677
2680
2706
2733
2762
2770
2784
2829
2842
2859
2862
2865
2875
2891
2900
2905
2938
2939
2955
2967
2975
2976
2990
3002
3012
3026
3056
3059
3069
3077
3120
3129
3137
3144
3146
3159
3160
3172
3185
3210
3232
3233
3234
3241
3245
3276
3277
3292
3294
3309
3325
3353
3364
3372
3389
3438
3447
3460
3505
3513
3582
3592
3612
3623
3639
3641
3656
3668
3678
3706
3725
3728
3743
3751
3759
3772
3822
3852
3899
3907
3911
3924
3932
3943
3951
3970
3977
3978
3981
3985
4018
4042
4045
4066
4070
4073
4080
4120
4129
4146
4174
4181
4190
4197
4219
4228
4237
4243
4253
4270
4271
4298
4333
4337
4343
4355
4361
4371
4405
4408
4423
4424
4427
4442
4452
4494
4506
4508
4525
4528
4548
4554
4557
4573
4597
4628
4662
4663
4669
4703
4714
4715
4719
4720
4732
4739
4773
4786
4799
4808
4830
4834
4848
4850
4877
4885
4895
4906
4915
4916
4948
4953
4966
4968
4978
4986
4993
5015
5027
5030
5073
5101
5124
5154
5158
5174
5180
5196
5199
5205
5206
5207
5219
5228
5237
5274
5282
5285
5302
5307
5327
5348
5364
5372
5380
5381
5386
5401
5413
5453
5474
5485
5486
5506
5549
5559
5574
5600
5636
5650
5656
5662
5676
5699
5708
5728
5762
5767
5776
5788
5796
5800
5813
5858
5882
5884
5891
5892
5927
5939
5959
5968
5974
5975
6006
6010
6022
6027
6030
6038
6073