Куриная грудка

29
51
235
247
297
339
409
435
467
486
520
551
610
681
705
807
819
842
861
878
904
912
921
944
1023
1110
1173
1258
1261
1281
1341
1359
1392
1394
1434
1465
1707
1767
1840
1844
1856
1862
1880
1927
1991
2012
2094
2101
2195
2200
2267
2306
2318
2375
2421
2617
2679
2683
2875
2951
2967
2987
2992
2995
3022
3030
3158
3164
3169
3309
3365
3391
3412
3424
3429
3528
3639
3677
3715
3746
3777
3780
3820
3866
3905
3971
3994
4010
4113
4119
4120
4129
4197
4231
4253
4257
4306
4375
4388
4398
4415
4416
4430
4497
4505
4622
4642
4643
4644
4658
4712
4751
4863
4870
4884
4954
5002
5040
5102
5118
5132
5146
5220
5239
5245
5308
5386
5389
5432
5506
5530
5594
5689
5710
5759
5795
5819
5821
5881
5978
5995