Шампиньоны

68
82
111
143
211
409
498
533
541
687
737
783
872
913
921
957
1024
1076
1081
1174
1175
1260
1293
1294
1311
1328
1369
1465
1547
1590
1673
1678
1798
1816
1854
2037
2078
2101
2135
2144
2285
2327
2333
2390
2429
2437
2450
2580
2626
2658
2663
2699
2764
2771
2788
2836
2839
2875
2976
2979
2983
3007
3024
3055
3133
3146
3189
3296
3319
3320
3347
3364
3387
3416
3466
3650
3726
3805
3823
3862
3869
3939
3951
3972
4037
4063
4208
4466
4518
4527
4562
4582
4640
4711
4723
4772
4875
4901
4916
4973
5033
5162
5172
5355
5371
5464
5470
5472
5478
5499
5554
5641
5647
5706
5805
5818
5868
5880
5922
5937
5987
6093