Молотый красный перец

103
130
176
194
244
248
277
344
361
437
601
671
731
794
832
861
871
881
914
926
1008
1078
1253
1302
1475
1492
1544
1555
1576
1582
1683
1692
1708
1725
1739
1769
1827
1877
1888
1917
1962
1976
2103
2122
2134
2179
2186
2201
2231
2244
2370
2379
2417
2452
2564
2595
2653
2679
2774
2777
2787
2807
2856
2866
2873
2903
2976
3001
3012
3015
3058
3061
3062
3226
3272
3344
3398
3406
3412
3421
3422
3659
3724
3833
3868
3962
4065
4089
4170
4203
4270
4300
4416
4501
4580
4690
4695
4719
4814
4948
5014
5062
5089
5111
5124
5126
5158
5277
5295
5339
5412
5466
5514
5515
5521
5537
5546
5660
5682
5697
5776
5809
5810
5840
6049
6070
6074
6076
6091