Грецкие орехи

35
63
167
172
216
239
364
398
478
481
528
548
550
664
679
705
730
752
772
774
795
816
832
856
859
937
980
986
1008
1072
1152
1193
1203
1268
1303
1543
1556
1588
1645
1824
1871
1877
1909
1975
2005
2073
2121
2212
2232
2246
2260
2301
2388
2411
2496
2506
2608
2645
2746
2985
3081
3114
3167
3226
3310
3337
3397
3575
3578
3584
3604
3627
3662
3670
3761
3848
3900
3920
3921
3953
3962
3965
4047
4089
4122
4148
4205
4295
4363
4368
4432
4502
4532
4595
4745
4747
4815
4818
4852
4882
4955
4981
5042
5114
5289
5312
5320
5331
5419
5462
5476
5542
5607
5612
5631
5722
5742
5746
5763
5812
5893
5979
6017
6019
6039
6049