Молотый кориандр

123
155
188
238
248
270
295
323
426
459
464
528
671
677
812
821
836
856
860
882
930
936
991
1170
1216
1297
1381
1395
1474
1518
1584
1588
1644
1671
1726
1739
1754
1777
1778
1781
1802
1920
2046
2123
2134
2165
2200
2201
2217
2238
2361
2392
2440
2455
2482
2509
2515
2531
2563
2640
2820
2903
2952
3058
3065
3072
3111
3192
3193
3197
3218
3228
3306
3316
3412
3428
3436
3438
3532
3726
3742
3835
3870
3907
3919
3936
3996
4018
4047
4065
4068
4107
4122
4169
4273
4277
4315
4322
4356
4359
4363
4369
4402
4519
4532
4560
4561
4605
4637
4696
4991
5031
5033
5046
5079
5225
5325
5332
5370
5512
5561
5590
5630
5660
5732
5944
5962
6000
6024
6049
6070