Оливковое масло extra virgin

10
44
86
88
122
234
298
307
320
381
405
508
512
523
626
630
636
645
747
764
783
790
830
868
916
944
955
996
1014
1021
1063
1077
1096
1124
1177
1212
1216
1223
1243
1247
1266
1279
1280
1291
1354
1426
1433
1447
1457
1503
1545
1615
1647
1698
1737
1738
1745
1850
1895
1904
1926
1978
1979
1993
2007
2066
2071
2072
2085
2097
2268
2272
2291
2293
2304
2386
2443
2456
2493
2494
2508
2511
2533
2567
2617
2624
2723
2743
2748
2800
2832
2841
2888
2924
2940
2954
2960
3002
3017
3059
3066
3125
3134
3255
3270
3299
3329
3330
3335
3367
3403
3460
3472
3474
3506
3510
3665
3694
3705
3717
3735
3745
3827
3829
3832
3840
3860
3880
3934
3991
4011
4035
4102
4291
4312
4374
4394
4407
4410
4429
4456
4531
4584
4613
4614
4619
4621
4699
4744
4756
4759
4784
4805
4825
4830
4866
4907
4908
4913
4922
4929
4932
4989
5025
5044
5065
5074
5097
5108
5109
5114
5186
5221
5248
5265
5298
5306
5336
5362
5363
5369
5416
5422
5567
5632
5784
5818
5838
5861
5883
5892
5894
5901
5920
5931
5947
5990
6012
6023