Сливки

7
18
28
264
278
296
351
364
371
418
423
475
496
502
537
540
597
612
628
673
678
713
716
761
824
921
925
936
941
982
992
995
1019
1028
1053
1065
1071
1085
1092
1148
1179
1230
1370
1371
1386
1424
1443
1551
1559
1577
1631
1668
1672
1705
1733
1735
1828
1884
2131
2136
2142
2177
2200
2250
2254
2282
2512
2531
2580
2586
2601
2619
2677
2688
2738
2756
2774
2797
2858
2882
2901
2950
2976
3072
3079
3090
3101
3124
3228
3254
3258
3265
3274
3284
3425
3448
3461
3477
3551
3571
3576
3735
3794
3813
3930
3971
3972
3984
4113
4240
4304
4354
4402
4498
4499
4518
4525
4527
4594
4631
4654
4710
4776
4813
4840
4912
4914
4969
5197
5251
5298
5341
5452
5493
5503
5543
5547
5569
5575
5580
5647
5659
5784
5802
5880
6037
6054