Огурцы

53
66
116
137
193
219
226
227
279
289
291
299
300
303
331
373
377
388
402
414
430
442
444
476
516
524
538
547
561
565
585
609
622
640
664
665
694
700
705
727
767
778
780
781
787
809
843
909
924
939
940
1002
1004
1010
1035
1044
1070
1077
1170
1190
1207
1241
1243
1247
1256
1306
1332
1335
1358
1392
1396
1410
1418
1420
1427
1429
1430
1471
1509
1524
1588
1589
1595
1598
1622
1651
1730
1794
1819
1832
1844
1859
1866
1899
1961
2002
2004
2024
2029
2036
2075
2151
2187
2192
2220
2227
2235
2294
2309
2316
2336
2344
2371
2380
2388
2393
2395
2420
2447
2473
2508
2521
2544
2603
2623
2674
2731
2742
2783
2799
2814
2841
2877
2900
2905
2921
2925
2945
2957
2974
2997
3002
3050
3077
3144
3190
3224
3309
3335
3382
3421
3513
3525
3570
3593
3638
3666
3712
3713
3725
3730
3733
3748
3807
3822
3830
3877
3907
3908
3935
3978
3998
4022
4031
4040
4058
4098
4157
4223
4264
4298
4300
4321
4330
4362
4401
4465
4476
4490
4503
4506
4510
4566
4571
4601
4619
4635
4653
4659
4731
4735
4738
4747
4753
4764
4795
4810
4845
4852
4856
4904
4915
4953
5023
5034
5067
5073
5082
5105
5128
5173
5183
5199
5202
5206
5302
5334
5351
5366
5401
5427
5460
5486
5494
5515
5521
5564
5587
5595
5597
5628
5644
5655
5669
5674
5683
5707
5739
5754
5758
5769
5771
5833
5888
5927
5933
5935
5945
5949
5963
5975
5999
6010
6011
6084
6091