яичный желток

109
120
145
225
285
364
379
428
474
540
597
608
613
627
641
649
666
728
758
761
814
824
988
992
1120
1148
1188
1243
1246
1276
1280
1292
1325
1411
1416
1455
1510
1528
1539
1560
1659
1668
1672
1689
1703
1727
1731
1776
1839
1886
1890
1900
1906
1938
1977
1992
2070
2115
2215
2255
2326
2331
2400
2468
2479
2619
2625
2707
2734
2755
2768
2798
2815
2857
2909
2923
2946
3006
3019
3027
3085
3092
3105
3124
3131
3163
3175
3202
3206
3218
3231
3288
3293
3300
3317
3341
3347
3353
3442
3444
3451
3492
3499
3538
3545
3555
3622
3627
3670
3776
3795
3863
3953
3984
4030
4049
4111
4121
4160
4168
4188
4201
4216
4224
4286
4308
4327
4389
4502
4513
4527
4535
4540
4636
4707
4767
4780
4812
4821
4836
4847
4868
4883
4912
4938
4958
4960
4971
4978
4988
5056
5081
5117
5143
5145
5205
5238
5242
5258
5314
5361
5428
5437
5452
5470
5544
5550
5552
5569
5676
5687
5712
5765
5773
5817
5918
5936
5954
6035
6041
6048
6071