Разрыхлитель

37
106
135
163
167
174
190
220
221
259
262
286
318
321
364
367
390
420
452
493
513
531
539
590
592
604
618
631
685
718
725
734
749
848
860
905
945
965
997
1113
1171
1175
1191
1199
1233
1263
1310
1322
1328
1408
1415
1446
1483
1536
1538
1567
1568
1571
1602
1667
1685
1700
1704
1736
1806
1812
1820
1825
1837
1896
1929
1940
1941
1954
1957
1967
1983
1995
2009
2014
2033
2047
2060
2073
2089
2180
2253
2256
2259
2262
2303
2412
2449
2487
2514
2598
2703
2710
2753
2757
2768
2789
2815
2817
2828
2864
2902
2903
2932
2973
2988
3003
3044
3057
3205
3236
3243
3251
3259
3261
3262
3317
3326
3420
3436
3448
3512
3535
3555
3560
3579
3645
3648
3675
3676
3729
3757
3806
3876
3891
3961
4014
4084
4108
4133
4134
4160
4199
4200
4201
4220
4259
4280
4283
4342
4358
4391
4392
4436
4481
4514
4547
4577
4594
4657
4709
4724
4789
4807
4818
4837
4847
4854
4868
4917
4949
4964
5012
5013
5022
5037
5075
5127
5182
5208
5262
5281
5283
5331
5441
5449
5503
5508
5588
5629
5675
5705
5733
5734
5893
5938
5964
5998
6004
6015
6034