Бальзамический уксус

52
58
66
72
219
260
269
383
391
465
479
582
630
717
722
729
768
901
916
927
970
1215
1243
1403
1426
1505
1527
1543
1557
1652
1737
1786
1809
2069
2261
2301
2381
2390
2480
2496
2551
2727
2834
2870
2915
2971
2994
3050
3083
3140
3224
3266
3297
3304
3333
3421
3455
3651
3664
3665
3671
3703
3725
3734
3784
3821
3905
3934
3990
4045
4305
4312
4379
4394
4407
4429
4439
4659
4699
4734
4857
4863
4878
5068
5108
5116
5144
5236
5279
5306
5326
5363
5382
5388
5399
5439
5445
5472
5492
5517
5521
5555
5578
5718
5721
5821
5889
5895
5934
5935
6023
6028
6097