Лук репчатый

7
21
23
24
27
30
38
41
43
53
54
56
61
66
67
71
74
75
76
78
80
82
87
88
95
103
109
119
130
132
142
143
144
149
159
161
165
169
171
176
177
179
181
186
188
194
198
199
214
227
228
231
235
238
240
242
244
248
250
251
253
255
270
283
284
290
295
300
304
305
308
314
317
320
322
324
325
335
339
344
350
353
354
369
395
396
404
408
411
418
423
427
436
437
441
444
457
459
460
461
462
464
470
473
485
496
498
499
504
505
506
509
514
515
520
521
526
528
534
543
566
567
568
569
571
574
576
577
578
581
584
596
624
628
634
638
642
648
650
651
661
675
677
702
706
707
711
716
726
729
735
738
740
754
756
759
767
770
782
787
793
797
798
811
812
821
827
832
833
835
840
841
845
846
847
860
865
869
881
882
883
888
903
904
907
909
913
914
925
926
929
930
931
938
948
950
954
959
963
976
980
981
985
991
998
999
1000
1004
1013
1020
1021
1024
1031
1034
1036
1040
1048
1049
1059
1060
1066
1072
1074
1075
1079
1081
1087
1104
1108
1109
1110
1116
1128
1131
1135
1143
1152
1155
1156
1157
1158
1159
1161
1167
1176
1180
1181
1183
1189
1190
1192
1193
1195
1196
1198
1200
1201
1202
1204
1208
1217
1218
1224
1226
1234
1235
1242
1244
1245
1249
1251
1253
1254
1260
1261
1265
1268
1270
1284
1285
1287
1300
1303
1304
1308
1313
1315
1318
1321
1325
1327
1329
1335
1338
1340
1344
1350
1352
1356
1357
1362
1364
1365
1369
1372
1374
1379
1384
1385
1388
1393
1399
1403
1407
1413
1428
1434
1438
1439
1441
1443
1448
1453
1454
1465
1469
1472
1474
1484
1486
1490
1492
1497
1506
1508
1517
1518
1544
1552
1556
1557
1558
1562
1564
1566
1569
1572
1578
1580
1582
1587
1590
1596
1603
1604
1606
1607
1620
1621
1630
1638
1641
1642
1650
1651
1653
1654
1656
1658
1669
1671
1673
1675
1682
1687
1692
1697
1711
1722
1724
1728
1733
1735
1739
1744
1754
1758
1759
1760
1763
1769
1774
1777
1778
1781
1784
1785
1786
1788
1791
1793
1795
1801
1805
1807
1813
1816
1817
1821
1824
1832
1843
1845
1849
1852
1855
1856
1858
1873
1885
1886
1888
1890
1895
1897
1899
1903
1907
1909
1910
1912
1917
1920
1935
1939
1944
1950
1951
1961
1962
1971
1974
1976
1981
1985
1987
1996
2003
2006
2011
2012
2022
2031
2034
2037
2041
2047
2050
2055
2065
2072
2074
2078
2080
2084
2087
2090
2092
2093
2102
2106
2107
2116
2123
2127
2130
2131
2133
2134
2140
2150
2158
2166
2170
2173
2177
2185
2199
2211
2212
2215
2217
2218
2223
2224
2230
2234
2248
2252
2254
2263
2266
2267
2268
2279
2287
2301
2306
2307
2315
2319
2326
2335
2348
2352
2355
2361
2368
2373
2374
2376
2387
2392
2401
2408
2410
2411
2415
2418
2419
2428
2432
2437
2439
2442
2445
2450
2453
2466
2467
2468
2471
2472
2474
2482
2485
2492
2494
2497
2499
2502
2512
2515
2523
2524
2525
2529
2530
2532
2533
2546
2547
2552
2558
2561
2568
2571
2575
2577
2578
2581
2587
2589
2591
2593
2594
2601
2604
2605
2607
2611
2614
2615
2617
2623
2626
2628
2633
2634
2640
2641
2643
2644
2648
2656
2661
2665
2669
2670
2673
2675
2676
2693
2697
2708
2713
2715
2721
2726
2730
2733
2736
2740
2747
2748
2752
2759
2770
2772
2773
2774
2777
2781
2790
2791
2803
2807
2810
2811
2818
2822
2827
2831
2832
2835
2836
2839
2853
2878
2880
2881
2882
2884
2888
2890
2903
2906
2917
2918
2920
2927
2928
2931
2933
2940
2942
2950
2956
2958
2960
2961
2966
2970
2975
2976
2980
2981
2986
2990
2999
3001
3009
3014
3015
3022
3031
3036
3041
3045
3049
3068
3071
3073
3076
3078
3080
3082
3090
3091
3093
3095
3104
3106
3111
3115
3116
3120
3121
3126
3127
3128
3141
3143
3146
3147
3148
3151
3152
3156
3161
3164
3174
3178
3180
3182
3186
3189
3193
3199
3209
3213
3214
3216
3226
3228
3231
3233
3235
3236
3237
3239
3240
3244
3249
3263
3269
3272
3280
3281
3289
3292
3293
3301
3303
3306
3310
3313
3315
3316
3319
3322
3336
3345
3365
3367
3368
3377
3379
3386
3387
3393
3394
3395
3396
3398
3402
3406
3407
3411
3412
3416
3421
3428
3429
3430
3432
3449
3459
3466
3468
3469
3471
3472
3476
3484
3493
3494
3517
3520
3526
3528
3535
3537
3539
3540
3554
3558
3561
3576
3584
3588
3591
3592
3593
3600
3601
3603
3604
3606
3614
3616
3619
3620
3623
3626
3631
3632
3633
3635
3642
3646
3654
3671
3673
3679
3680
3690
3691
3694
3695
3702
3706
3707
3708
3711
3712
3720
3723
3725
3727
3737
3740
3741
3742
3743
3750
3758
3766
3767
3768
3771
3774
3775
3778
3780
3785
3793
3804
3805
3812
3819
3823
3833
3836
3837
3842
3844
3845
3847
3852
3853
3856
3857
3858
3859
3861
3864
3877
3882
3883
3886
3890
3901
3904
3910
3912
3919
3920
3926
3927
3929
3930
3931
3939
3941
3944
3945
3946
3962
3964
3967
3971
3979
3989
3990
3996
3997
4001
4002
4010
4021
4027
4028
4029
4032
4035
4037
4039
4046
4047
4051
4052
4059
4062
4065
4068
4072
4074
4075
4078
4092
4095
4096
4097
4104
4106
4107
4109
4112
4115
4122
4125
4126
4136
4137
4139
4142
4144
4146
4148
4158
4166
4170
4179
4180
4182
4184
4188
4191
4192
4203
4204
4206
4208
4212
4228
4229
4234
4240
4258
4263
4265
4268
4270
4273
4274
4275
4277
4279
4286
4291
4294
4299
4300
4310
4314
4322
4324
4341
4352
4356
4359
4363
4366
4368
4369
4372
4373
4376
4378
4385
4393
4395
4399
4400
4402
4403
4411
4414
4418
4421
4426
4430
4437
4441
4443
4448
4452
4456
4459
4466
4468
4474
4483
4484
4485
4486
4487
4492
4496
4501
4502
4511
4515
4518
4519
4525
4527
4532
4534
4536
4537
4545
4550
4554
4559
4560
4562
4563
4574
4576
4580
4587
4589
4595
4597
4600
4608
4610
4611
4622
4627
4629
4630
4640
4642
4645
4646
4648
4651
4666
4668
4672
4675
4687
4689
4690
4700
4703
4710
4711
4712
4730
4734
4741
4748
4752
4757
4759
4764
4776
4778
4779
4787
4792
4793
4800
4804
4809
4811
4819
4824
4835
4838
4842
4849
4855
4861
4866
4876
4888
4889
4892
4896
4900
4906
4908
4918
4929
4934
4936
4952
4973
4977
4979
4984
5001
5002
5010
5023
5026
5028
5029
5033
5039
5042
5044
5045
5062
5070
5077
5083
5084
5086
5093
5094
5095
5096
5100
5101
5111
5118
5120
5130
5131
5132
5134
5150
5152
5153
5156
5163
5165
5169
5170
5171
5189
5194
5211
5216
5218
5219
5220
5221
5222
5230
5235
5237
5245
5247
5250
5256
5257
5270
5276
5277
5297
5300
5305
5309
5311
5313
5316
5326
5332
5333
5335
5339
5342
5348
5349
5351
5352
5353
5360
5367
5370
5371
5375
5377
5378
5380
5384
5386
5414
5416
5425
5429
5430
5434
5436
5438
5440
5444
5446
5455
5458
5459
5466
5467
5468
5472
5475
5481
5482
5484
5487
5491
5495
5496
5499
5501
5516
5519
5520
5521
5523
5524
5526
5528
5529
5532
5534
5535
5536
5546
5553
5561
5562
5568
5572
5575
5577
5578
5580
5581
5583
5584
5585
5589
5590
5597
5598
5607
5611
5612
5613
5615
5617
5622
5625
5626
5639
5642
5645
5646
5652
5657
5660
5665
5667
5671
5673
5676
5681
5684
5686
5687
5690
5697
5698
5706
5711
5716
5717
5723
5724
5725
5726
5729
5732
5735
5737
5739
5742
5743
5744
5755
5762
5772
5777
5785
5787
5800
5817
5820
5824
5826
5829
5839
5841
5860
5862
5864
5865
5866
5868
5871
5875
5878
5879
5889
5896
5902
5911
5915
5926
5930
5941
5944
5950
5951
5958
5977
5978
5980
5981
5982
5989
5993
5995
6006
6008
6016
6021
6027
6041
6049
6052
6057
6060
6061
6062
6072
6075
6081
6082
6091
6098
6099
6101