Сахар

5
16
24
28
40
44
46
51
52
57
69
70
73
77
83
85
90
92
96
102
105
106
112
114
116
118
127
131
135
142
145
151
157
163
164
172
173
174
182
187
190
195
200
204
208
210
218
220
221
225
235
239
241
245
250
252
256
257
262
264
267
280
285
286
288
292
301
308
311
316
318
319
320
321
329
336
338
352
362
364
367
370
371
379
394
403
404
409
412
413
416
422
424
425
426
429
431
434
435
439
440
443
447
449
452
472
488
491
492
493
497
503
513
515
519
522
531
534
536
544
545
551
552
553
557
561
572
573
576
584
588
590
592
593
594
597
601
604
608
610
613
617
628
629
633
640
647
668
669
674
676
677
682
685
686
689
691
693
698
704
708
710
718
719
725
728
732
733
739
751
752
758
761
766
776
777
787
788
791
793
801
808
813
814
822
824
829
843
848
850
853
860
866
867
873
874
879
885
887
892
908
917
924
936
941
945
946
949
952
956
958
960
961
962
964
965
966
967
969
970
971
977
978
982
995
997
1001
1002
1003
1006
1015
1018
1019
1033
1045
1047
1052
1058
1059
1067
1078
1089
1090
1091
1093
1095
1097
1098
1100
1101
1102
1103
1113
1119
1120
1122
1137
1140
1141
1153
1164
1165
1171
1178
1179
1186
1188
1194
1196
1199
1203
1207
1222
1234
1239
1255
1261
1270
1275
1277
1283
1285
1292
1296
1299
1305
1307
1309
1318
1319
1321
1322
1323
1324
1332
1333
1355
1356
1360
1361
1366
1367
1370
1376
1383
1385
1391
1394
1397
1399
1401
1402
1405
1408
1410
1411
1415
1420
1421
1423
1429
1432
1437
1440
1446
1451
1460
1473
1476
1478
1480
1489
1504
1513
1514
1516
1517
1519
1522
1529
1533
1536
1539
1560
1567
1568
1571
1574
1578
1579
1583
1586
1589
1592
1595
1610
1616
1617
1618
1620
1630
1631
1633
1634
1635
1636
1637
1648
1659
1666
1668
1674
1679
1681
1685
1689
1690
1692
1699
1700
1703
1713
1714
1719
1729
1736
1740
1749
1751
1753
1757
1765
1769
1771
1775
1776
1778
1779
1782
1785
1789
1806
1808
1810
1815
1818
1819
1820
1822
1825
1829
1831
1834
1835
1837
1838
1848
1859
1865
1867
1873
1893
1895
1899
1900
1913
1916
1923
1930
1934
1938
1940
1941
1945
1947
1954
1955
1957
1965
1967
1969
1970
1972
1977
1982
1983
1989
1994
2000
2001
2005
2009
2010
2014
2017
2018
2019
2021
2023
2028
2032
2033
2035
2044
2047
2055
2058
2060
2061
2063
2064
2065
2067
2073
2076
2089
2101
2105
2108
2109
2110
2111
2115
2117
2121
2126
2129
2131
2138
2140
2143
2148
2153
2154
2160
2165
2168
2180
2184
2188
2196
2198
2199
2202
2210
2215
2219
2229
2239
2243
2245
2253
2254
2255
2256
2257
2259
2262
2268
2274
2281
2284
2285
2289
2297
2303
2309
2319
2322
2323
2325
2331
2340
2350
2354
2356
2358
2362
2364
2365
2375
2380
2393
2394
2396
2400
2402
2406
2416
2431
2438
2442
2446
2449
2451
2455
2457
2459
2461
2465
2473
2474
2476
2478
2479
2490
2496
2503
2514
2518
2522
2543
2548
2554
2566
2573
2588
2589
2592
2597
2598
2602
2612
2613
2618
2619
2622
2642
2643
2644
2650
2658
2664
2669
2671
2675
2685
2688
2691
2696
2698
2703
2710
2712
2722
2732
2736
2738
2742
2744
2745
2747
2753
2755
2757
2758
2766
2768
2771
2777
2780
2789
2792
2798
2802
2805
2806
2815
2817
2823
2828
2829
2845
2850
2855
2857
2863
2864
2867
2868
2869
2870
2873
2875
2880
2889
2891
2892
2897
2901
2903
2909
2912
2914
2919
2923
2926
2932
2941
2946
2951
2955
2962
2972
2973
2978
2979
2982
2985
2988
2989
2990
3000
3003
3006
3008
3014
3036
3044
3046
3057
3061
3085
3086
3087
3092
3100
3102
3105
3108
3112
3124
3125
3126
3130
3135
3138
3144
3153
3160
3165
3176
3177
3180
3184
3193
3194
3195
3205
3206
3209
3210
3219
3222
3228
3236
3243
3246
3248
3250
3251
3253
3258
3259
3261
3262
3264
3267
3273
3282
3287
3288
3289
3300
3304
3308
3312
3314
3317
3318
3326
3327
3331
3332
3340
3341
3342
3343
3344
3348
3352
3355
3357
3358
3361
3374
3381
3384
3395
3407
3417
3419
3420
3421
3423
3427
3429
3433
3437
3442
3446
3448
3450
3451
3453
3458
3463
3464
3467
3478
3482
3492
3498
3499
3501
3508
3511
3512
3524
3527
3537
3541
3551
3552
3555
3556
3560
3562
3567
3575
3577
3579
3589
3605
3610
3611
3612
3613
3627
3630
3634
3635
3637
3638
3647
3648
3649
3655
3657
3660
3662
3667
3668
3670
3674
3675
3676
3678
3683
3689
3691
3692
3700
3718
3729
3748
3751
3752
3757
3759
3762
3765
3779
3806
3808
3809
3811
3814
3824
3826
3841
3843
3848
3850
3851
3854
3858
3865
3875
3876
3878
3881
3884
3887
3891
3904
3906
3908
3950
3953
3954
3959
3961
3966
3968
3974
3975
3980
3983
3984
3993
4005
4007
4009
4010
4012
4013
4019
4024
4026
4030
4032
4038
4041
4043
4046
4052
4055
4072
4078
4079
4080
4081
4082
4084
4087
4099
4105
4108
4111
4114
4116
4117
4120
4124
4129
4131
4133
4134
4138
4141
4145
4147
4149
4151
4152
4155
4159
4165
4171
4172
4178
4182
4185
4189
4197
4198
4199
4201
4202
4207
4209
4211
4214
4220
4224
4226
4227
4232
4236
4243
4245
4246
4251
4254
4256
4272
4275
4278
4279
4280
4283
4295
4313
4319
4323
4327
4330
4332
4334
4336
4342
4345
4350
4351
4353
4354
4357
4358
4360
4383
4389
4390
4391
4392
4401
4402
4406
4408
4419
4425
4428
4436
4445
4447
4451
4454
4455
4457
4460
4462
4463
4464
4470
4472
4476
4479
4480
4481
4486
4498
4514
4517
4523
4533
4534
4538
4540
4542
4544
4547
4550
4552
4554
4562
4565
4570
4573
4575
4577
4579
4588
4592
4596
4597
4598
4606
4609
4615
4621
4623
4630
4636
4641
4657
4661
4665
4676
4687
4691
4692
4694
4705
4707
4709
4716
4717
4724
4725
4727
4744
4745
4754
4755
4756
4767
4774
4777
4780
4781
4790
4791
4795
4807
4818
4829
4831
4836
4837
4838
4846
4854
4862
4868
4876
4880
4882
4887
4890
4891
4895
4905
4909
4911
4912
4917
4923
4927
4931
4936
4937
4940
4941
4948
4949
4953
4958
4964
4965
4974
4975
4980
4987
5004
5007
5011
5013
5017
5019
5021
5031
5033
5037
5046
5047
5050
5054
5056
5063
5076
5081
5087
5088
5090
5105
5106
5121
5124
5127
5128
5136
5137
5139
5141
5142
5154
5157
5159
5162
5167
5170
5174
5181
5182
5189
5198
5200
5202
5204
5208
5211
5212
5214
5216
5223
5224
5233
5239
5244
5249
5251
5255
5262
5265
5266
5267
5269
5270
5272
5279
5280
5281
5283
5289
5291
5295
5307
5319
5323
5324
5331
5340
5343
5345
5350
5356
5358
5361
5364
5368
5375
5376
5379
5380
5385
5387
5393
5404
5405
5414
5423
5428
5435
5449
5452
5469
5472
5475
5477
5484
5485
5486
5490
5493
5500
5502
5503
5510
5516
5518
5531
5538
5547
5548
5550
5552
5557
5560
5565
5568
5576
5578
5584
5585
5588
5603
5607
5608
5609
5612
5622
5623
5625
5627
5628
5629
5634
5635
5636
5640
5648
5651
5659
5661
5663
5664
5666
5668
5676
5677
5679
5691
5706
5710
5715
5717
5722
5728
5730
5733
5734
5740
5745
5747
5752
5757
5760
5773
5774
5780
5794
5797
5801
5806
5811
5815
5816
5823
5824
5825
5828
5831
5835
5836
5842
5844
5846
5847
5849
5852
5853
5874
5875
5876
5882
5893
5897
5899
5904
5905
5908
5913
5928
5931
5935
5936
5938
5940
5949
5953
5954
5956
5960
5961
5964
5966
5967
5970
5972
5984
5985
5988
5992
5998
5999
6002
6003
6004
6011
6015
6017
6018
6020
6024
6031
6033
6035
6037
6038
6040
6045
6054
6056
6063
6066
6068
6069
6073
6074
6089
6090
6091
6096
6102
6103