Ванильный сахар

92
221
239
267
390
431
440
452
513
608
623
710
766
829
1006
1019
1088
1137
1186
1191
1222
1283
1322
1355
1361
1440
1681
1729
1751
1782
1806
1820
1822
1940
1941
1957
1967
1969
2089
2180
2476
2477
2638
2639
2757
2766
2789
2815
2819
2828
2923
2946
2973
3044
3052
3097
3153
3208
3282
3300
3512
3530
3541
3555
3579
3670
3676
3700
3779
3848
3854
3876
4030
4124
4134
4138
4149
4183
4220
4278
4283
4308
4436
4470
4547
4682
4854
4958
4964
5063
5127
5139
5208
5267
5543
5780
5794
5842
5849
5877