яйцо куриное

14
24
27
28
30
31
32
37
40
47
50
51
56
57
63
67
73
76
77
81
85
92
93
96
100
105
106
114
125
131
135
137
150
152
153
157
158
164
172
174
176
178
181
184
186
187
190
195
196
198
208
212
218
220
221
223
232
238
241
251
255
256
258
262
264
266
282
286
287
313
319
321
328
331
332
336
342
349
352
360
362
367
369
370
371
376
378
382
384
392
395
399
400
416
419
420
424
425
427
429
430
431
434
437
440
447
452
477
484
488
491
492
493
494
496
497
499
502
503
507
509
510
513
514
519
520
524
531
537
539
545
553
558
561
574
575
580
592
600
608
609
613
618
623
625
633
637
647
653
667
672
678
683
684
685
689
690
702
703
707
708
710
718
719
720
721
725
728
732
734
739
741
753
760
766
767
768
771
775
776
778
781
784
799
800
803
805
817
820
822
823
827
829
839
848
853
858
860
862
865
866
867
873
874
889
891
892
896
908
926
945
951
953
961
965
967
969
971
973
974
975
984
991
994
995
997
1000
1003
1017
1033
1050
1052
1053
1054
1058
1061
1064
1065
1071
1074
1081
1088
1098
1101
1110
1113
1120
1127
1133
1137
1141
1143
1148
1149
1153
1154
1155
1159
1161
1164
1166
1171
1173
1175
1185
1188
1189
1191
1195
1203
1208
1214
1222
1226
1232
1239
1241
1246
1249
1252
1255
1263
1276
1277
1280
1287
1289
1298
1302
1310
1318
1319
1322
1323
1328
1337
1355
1356
1357
1359
1360
1361
1366
1367
1370
1375
1378
1380
1390
1392
1394
1397
1402
1404
1405
1408
1415
1416
1421
1428
1432
1437
1438
1439
1440
1445
1446
1449
1454
1455
1460
1470
1473
1476
1480
1481
1483
1486
1495
1498
1507
1511
1514
1528
1529
1530
1533
1536
1538
1540
1551
1560
1566
1567
1570
1571
1579
1580
1585
1586
1592
1598
1599
1601
1602
1603
1604
1617
1618
1621
1626
1631
1633
1652
1666
1667
1672
1681
1685
1689
1693
1703
1704
1706
1713
1714
1719
1722
1723
1729
1736
1740
1742
1749
1751
1752
1755
1757
1760
1763
1769
1776
1779
1782
1785
1792
1796
1797
1805
1806
1812
1820
1825
1829
1830
1831
1833
1837
1838
1839
1845
1851
1853
1861
1875
1878
1879
1884
1885
1890
1893
1898
1900
1912
1913
1916
1918
1929
1930
1938
1939
1940
1941
1942
1949
1953
1954
1958
1963
1965
1966
1967
1968
1969
1970
1972
1982
1995
1999
2001
2002
2004
2005
2009
2018
2019
2022
2027
2028
2029
2030
2032
2033
2035
2039
2047
2058
2060
2061
2063
2064
2073
2077
2079
2084
2086
2087
2089
2092
2095
2102
2106
2107
2117
2121
2122
2126
2128
2131
2136
2143
2149
2152
2168
2169
2170
2174
2180
2182
2188
2191
2198
2202
2203
2215
2228
2229
2237
2240
2250
2252
2253
2254
2259
2262
2281
2283
2284
2286
2289
2300
2302
2303
2321
2322
2323
2328
2329
2338
2350
2356
2358
2360
2362
2366
2374
2388
2394
2397
2398
2406
2407
2412
2413
2414
2421
2422
2423
2434
2436
2441
2442
2449
2459
2476
2479
2483
2484
2485
2487
2490
2492
2498
2503
2506
2509
2510
2514
2518
2522
2523
2530
2536
2537
2539
2543
2544
2554
2556
2564
2566
2569
2572
2573
2585
2586
2590
2596
2597
2598
2600
2612
2616
2618
2622
2639
2641
2643
2647
2662
2666
2677
2682
2688
2690
2691
2698
2700
2703
2710
2711
2712
2714
2721
2722
2726
2733
2744
2751
2753
2757
2758
2759
2766
2769
2770
2780
2789
2790
2792
2797
2802
2809
2810
2811
2813
2815
2817
2818
2828
2829
2830
2833
2842
2845
2846
2849
2851
2853
2854
2855
2857
2860
2863
2864
2867
2869
2872
2876
2888
2892
2894
2896
2897
2901
2903
2904
2913
2918
2922
2923
2928
2932
2942
2943
2944
2947
2950
2959
2962
2966
2970
2972
2973
2975
2978
2979
2982
2983
2985
2988
2990
2992
3000
3003
3009
3011
3013
3014
3016
3019
3020
3029
3036
3040
3044
3046
3062
3064
3068
3071
3085
3096
3100
3101
3103
3112
3114
3119
3121
3136
3138
3145
3146
3151
3153
3157
3172
3173
3177
3179
3187
3194
3195
3202
3205
3208
3217
3219
3221
3222
3233
3243
3245
3248
3249
3251
3254
3258
3259
3261
3262
3263
3264
3265
3267
3272
3274
3276
3280
3282
3286
3287
3291
3298
3308
3317
3325
3326
3328
3331
3340
3359
3365
3370
3376
3392
3400
3401
3407
3415
3417
3419
3420
3422
3423
3429
3438
3442
3446
3447
3448
3451
3452
3453
3458
3463
3466
3467
3469
3483
3487
3491
3498
3501
3502
3512
3515
3521
3526
3527
3529
3534
3539
3544
3549
3552
3560
3569
3575
3579
3581
3583
3584
3589
3600
3613
3634
3636
3645
3647
3648
3650
3663
3667
3674
3675
3681
3683
3685
3686
3696
3700
3704
3710
3719
3725
3729
3734
3735
3739
3752
3757
3762
3763
3765
3769
3772
3773
3774
3784
3785
3806
3808
3809
3814
3816
3817
3818
3819
3824
3828
3834
3835
3838
3839
3841
3843
3844
3846
3847
3848
3857
3863
3865
3866
3872
3874
3875
3876
3878
3890
3891
3903
3906
3925
3926
3927
3928
3932
3950
3953
3954
3955
3956
3959
3961
3966
3969
3970
3978
3987
3992
3993
4005
4009
4013
4023
4026
4027
4032
4033
4038
4041
4054
4055
4062
4064
4067
4070
4072
4073
4081
4084
4086
4090
4099
4100
4105
4108
4114
4117
4120
4133
4134
4135
4138
4139
4141
4144
4151
4156
4160
4167
4171
4176
4177
4189
4190
4194
4197
4198
4199
4200
4201
4202
4211
4213
4216
4218
4219
4220
4222
4224
4228
4229
4237
4244
4246
4251
4253
4254
4255
4256
4262
4263
4264
4267
4269
4278
4280
4283
4295
4300
4304
4314
4319
4323
4328
4330
4332
4335
4341
4342
4351
4354
4355
4358
4366
4367
4370
4388
4390
4391
4392
4393
4397
4408
4412
4414
4424
4425
4432
4436
4440
4447
4451
4460
4464
4468
4479
4481
4486
4490
4494
4496
4514
4523
4534
4539
4546
4547
4553
4554
4563
4570
4572
4574
4577
4585
4592
4594
4597
4607
4609
4611
4622
4625
4628
4635
4637
4638
4649
4655
4657
4662
4665
4669
4671
4673
4684
4685
4691
4694
4709
4710
4714
4717
4719
4721
4724
4729
4731
4737
4741
4745
4750
4761
4765
4767
4775
4777
4779
4780
4788
4807
4808
4815
4818
4831
4833
4836
4837
4841
4844
4854
4861
4862
4864
4865
4868
4870
4871
4879
4888
4891
4899
4905
4909
4910
4911
4915
4917
4921
4925
4926
4928
4941
4949
4952
4956
4957
4964
4965
4966
4975
4976
4986
4987
4988
4993
5004
5012
5013
5018
5021
5022
5028
5032
5037
5039
5040
5042
5045
5050
5054
5055
5059
5062
5063
5071
5075
5081
5090
5093
5097
5101
5106
5107
5123
5127
5139
5141
5145
5157
5163
5170
5174
5177
5181
5182
5184
5193
5205
5206
5207
5208
5214
5217
5218
5223
5232
5233
5244
5257
5259
5262
5267
5269
5273
5281
5283
5285
5287
5289
5290
5301
5316
5318
5322
5323
5331
5341
5344
5350
5366
5372
5377
5378
5385
5391
5401
5402
5404
5413
5435
5441
5444
5449
5453
5459
5471
5479
5483
5503
5507
5508
5521
5530
5531
5533
5541
5543
5552
5562
5563
5565
5579
5580
5588
5589
5594
5599
5601
5603
5609
5618
5620
5623
5624
5627
5629
5639
5640
5648
5651
5654
5664
5671
5675
5676
5677
5679
5691
5699
5704
5705
5708
5724
5727
5728
5733
5734
5740
5745
5746
5753
5755
5756
5757
5759
5762
5763
5765
5767
5773
5775
5778
5780
5786
5794
5799
5802
5804
5811
5813
5823
5830
5831
5843
5845
5846
5847
5849
5854
5864
5877
5878
5880
5882
5884
5885
5887
5890
5893
5897
5899
5900
5903
5904
5908
5909
5912
5920
5932
5936
5938
5953
5964
5967
5980
5984
5988
5992
5999
6002
6004
6008
6015
6017
6031
6033
6034
6037
6038
6039
6042
6047
6063
6066
6069
6072
6081
6085
6089
6090