Кокосовое молоко

205
250
359
409
448
509
544
554
573
657
740
761
791
831
850
904
1234
1245
1395
1582
1587
1597
1634
1670
1710
1755
1767
1770
1781
1791
1804
1834
1908
1914
1931
1959
1973
2052
2101
2105
2114
2128
2206
2287
2417
2516
2615
2617
2635
2658
2660
2676
2730
2788
2806
2880
2886
2890
2955
2987
3067
3161
3306
3320
3354
3356
3438
3471
3514
3537
3546
3831
3904
4037
4075
4094
4127
4165
4172
4281
4302
4317
4346
4404
4411
4438
4471
4552
4565
4599
4695
4698
4827
4961
4963
4996
5027
5125
5140
5146
5165
5196
5200
5291
5321
5349
5353
5360
5438
5452
5506
5510
5527
5581
5619
5668
5685
5930
5940
5966
6024
6081
6088