Петрушка

12
19
23
65
66
116
129
130
143
155
171
176
188
191
214
215
234
280
302
306
314
335
339
349
351
352
353
361
377
386
392
430
437
450
461
464
465
494
516
535
542
546
568
569
580
585
621
650
651
664
671
688
703
707
712
713
716
737
741
744
759
768
770
773
778
789
811
833
837
841
857
859
883
899
928
934
937
948
957
959
963
991
1021
1024
1030
1034
1048
1050
1054
1055
1094
1128
1129
1135
1152
1158
1162
1163
1166
1170
1176
1178
1179
1190
1235
1272
1284
1327
1347
1357
1368
1373
1374
1378
1392
1456
1478
1491
1494
1497
1523
1537
1544
1551
1552
1569
1592
1643
1650
1709
1712
1723
1728
1733
1734
1743
1764
1774
1784
1786
1799
1817
1852
1853
1874
1879
1889
1892
1898
1903
1911
1912
1931
1950
1962
2029
2050
2057
2071
2075
2078
2084
2127
2136
2139
2142
2147
2163
2173
2177
2178
2184
2186
2208
2224
2242
2247
2251
2252
2264
2272
2282
2300
2304
2305
2307
2309
2346
2364
2367
2382
2442
2444
2452
2501
2506
2534
2552
2577
2589
2603
2611
2631
2644
2645
2657
2661
2697
2713
2720
2735
2756
2774
2783
2786
2787
2804
2812
2823
2825
2835
2840
2841
2876
2927
2952
2956
2961
2990
2991
3015
3056
3062
3079
3080
3091
3106
3125
3137
3193
3197
3214
3216
3232
3233
3240
3252
3256
3269
3272
3278
3289
3310
3325
3345
3367
3378
3380
3392
3396
3402
3405
3422
3427
3440
3441
3447
3466
3480
3511
3518
3577
3584
3601
3621
3659
3691
3702
3723
3725
3744
3767
3778
3788
3790
3833
3839
3840
3861
3877
3883
3893
3913
3928
3929
3930
3939
3941
3958
4001
4002
4017
4025
4045
4051
4091
4121
4122
4137
4144
4148
4157
4179
4191
4193
4204
4215
4249
4265
4275
4286
4313
4326
4336
4337
4340
4350
4403
4435
4437
4456
4485
4488
4492
4495
4513
4525
4528
4550
4581
4585
4587
4591
4605
4611
4646
4651
4672
4690
4706
4710
4729
4740
4741
4748
4754
4799
4808
4822
4830
4835
4852
4864
4874
4905
4916
4923
4924
4935
4945
4950
4966
4993
5051
5062
5065
5118
5123
5132
5134
5150
5164
5169
5174
5187
5189
5193
5194
5227
5228
5239
5240
5247
5251
5252
5257
5260
5274
5282
5302
5309
5322
5370
5381
5450
5455
5462
5473
5493
5504
5525
5537
5547
5561
5567
5569
5570
5580
5581
5583
5585
5587
5597
5616
5642
5690
5718
5719
5726
5731
5743
5771
5775
5783
5788
5812
5817
5857
5859
5870
5878
5920
5922
5926
5927
5937
5951
5977
5981
6001
6041
6061
6064
6078
6092