Ðèñ

6
30
51
68
78
95
99
102
159
206
224
228
271
282
291
304
349
354
427
469
598
657
668
711
754
760
761
807
832
858
907
925
932
936
942
959
991
1001
1066
1067
1091
1160
1200
1208
1241
1258
1300
1303
1307
1330
1333
1362
1377
1379
1398
1442
1466
1512
1553
1561
1600
1622
1648
1678
1697
1708
1728
1795
1890
1891
1903
1917
1920
1986
2031
2034
2080
2091
2118
2124
2150
2177
2186
2198
2217
2252
2295
2300
2307
2315
2336
2364
2368
2510
2536
2552
2577
2631
2656
2669
2773
2786
2835
2871
2883
2891
2916
2918
2919
2951
2974
3041
3143
3174
3190
3216
3232
3233
3240
3325
3390
3532
3547
3576
3612
3667
3690
3753
3754
3783
3791
3797
3812
3857
3987
4022
4122
4128
4129
4136
4166
4184
4219
4227
4237
4269
4311
4395
4437
4443
4448
4452
4480
4529
4543
4554
4558
4574
4605
4616
4639
4640
4662
4666
4689
4766
4772
4800
4808
4810
4860
4933
4963
4966
5077
5111
5132
5142
5149
5161
5163
5178
5250
5257
5261
5277
5299
5309
5379
5452
5466
5487
5496
5515
5524
5544
5562
5584
5604
5665
5699
5709
5727
5755
5859
5860
5864
5874
5888
5901
5911
5926
5978
5994
6101