Морская соль

58
72
86
93
136
149
156
213
214
230
270
309
323
384
387
436
442
458
478
500
570
595
616
618
619
691
701
729
743
763
785
815
825
837
857
859
862
894
918
922
940
948
1021
1030
1041
1044
1049
1060
1077
1111
1128
1187
1197
1215
1220
1236
1237
1255
1264
1268
1286
1327
1347
1354
1358
1362
1401
1410
1428
1429
1432
1462
1501
1550
1563
1597
1614
1635
1647
1675
1687
1697
1699
1702
1737
1743
1746
1768
1769
1783
1850
1960
1974
1988
2045
2167
2191
2211
2245
2268
2293
2304
2311
2326
2342
2359
2381
2433
2455
2657
2663
2713
2831
2838
2874
2888
2900
2914
3021
3043
3088
3150
3158
3161
3171
3197
3224
3256
3300
3314
3347
3360
3397
3430
3431
3439
3459
3504
3546
3561
3571
3602
3614
3631
3637
3650
3735
3744
3745
3766
3767
3784
3798
3816
3849
3891
3902
3928
3934
3981
4037
4042
4047
4053
4078
4092
4096
4152
4176
4271
4317
4320
4346
4350
4390
4413
4434
4459
4468
4499
4520
4539
4546
4584
4595
4644
4668
4699
4740
4748
4771
4791
4798
4822
4842
4857
4869
4878
4893
4899
4924
4981
4990
5008
5010
5020
5026
5050
5110
5120
5160
5166
5168
5225
5230
5263
5275
5284
5292
5313
5327
5369
5390
5395
5456
5458
5487
5492
5514
5564
5604
5610
5616
5617
5621
5704
5746
5755
5761
5772
5777
5803
5836
5841
5856
5874
5889
5892
5924
5944
6006
6016
6061
6064