Êèíçà

64
93
115
140
143
149
151
176
179
188
193
206
211
229
240
269
270
271
276
277
284
300
301
323
324
333
361
448
458
464
470
478
526
528
538
544
547
570
579
584
585
614
665
726
727
738
777
789
793
831
832
856
859
864
865
869
904
946
948
959
966
973
1004
1034
1041
1043
1044
1070
1072
1109
1128
1152
1174
1195
1205
1232
1258
1306
1325
1327
1338
1346
1347
1358
1373
1392
1395
1410
1425
1474
1475
1478
1482
1564
1572
1582
1588
1589
1595
1597
1606
1607
1654
1680
1728
1763
1793
1804
1855
1859
1877
1881
1903
1917
1943
1962
1971
1973
1979
1997
2031
2050
2057
2078
2080
2081
2084
2092
2133
2146
2189
2192
2194
2208
2211
2212
2214
2252
2285
2296
2309
2326
2346
2368
2415
2428
2439
2442
2453
2455
2492
2495
2516
2532
2536
2552
2558
2563
2629
2654
2658
2659
2676
2678
2705
2707
2715
2738
2773
2787
2805
2806
2866
2911
2952
2980
2993
2994
3005
3009
3038
3050
3068
3084
3094
3099
3116
3140
3144
3178
3197
3200
3212
3226
3242
3245
3256
3277
3281
3303
3310
3316
3320
3325
3332
3336
3339
3344
3350
3351
3395
3397
3398
3412
3435
3436
3447
3469
3483
3517
3537
3570
3584
3592
3604
3626
3632
3644
3650
3668
3685
3728
3760
3767
3776
3787
3792
3801
3804
3833
3839
3844
3873
3883
3893
3900
3904
3912
3929
3941
3944
3946
3981
3985
4035
4047
4068
4075
4077
4089
4094
4106
4119
4137
4148
4157
4163
4173
4204
4243
4266
4309
4337
4346
4363
4369
4371
4373
4384
4399
4402
4423
4438
4441
4461
4468
4471
4485
4502
4506
4532
4548
4557
4595
4597
4599
4605
4620
4637
4639
4644
4651
4656
4666
4690
4736
4747
4753
4770
4771
4775
4835
4842
4845
4877
4924
4951
4977
4999
5029
5040
5047
5058
5079
5080
5101
5102
5105
5110
5118
5126
5134
5140
5144
5174
5237
5260
5263
5270
5275
5276
5282
5305
5310
5327
5334
5335
5339
5370
5387
5390
5397
5408
5417
5481
5484
5494
5504
5516
5537
5561
5568
5590
5606
5607
5612
5616
5617
5619
5653
5660
5662
5708
5722
5742
5743
5777
5796
5809
5812
5819
5866
5928
5930
5959
5978
5980
5985
5997
6001
6005
6013
6019
6039
6055
6056
6058
6061
6072
6078
6081
6088
6092
6096
6103