Лимонный сок

0
15
39
52
98
114
116
129
151
168
173
186
202
210
213
214
217
234
236
243
253
267
268
272
273
276
289
304
306
310
330
341
359
366
390
391
396
432
495
514
538
541
565
573
577
596
636
645
681
700
706
730
773
785
798
837
842
882
886
919
930
935
936
943
956
989
994
1018
1022
1044
1057
1078
1096
1117
1119
1130
1167
1172
1173
1178
1201
1204
1234
1252
1258
1262
1273
1290
1317
1319
1336
1349
1353
1373
1379
1385
1389
1411
1440
1459
1462
1466
1525
1565
1567
1589
1591
1600
1633
1639
1652
1663
1680
1731
1743
1753
1765
1766
1774
1780
1822
1832
1844
1932
1949
1992
1997
2017
2035
2036
2040
2055
2092
2101
2105
2159
2160
2163
2164
2167
2179
2189
2213
2218
2233
2258
2269
2297
2298
2309
2312
2313
2324
2363
2378
2383
2395
2408
2424
2443
2446
2453
2459
2487
2508
2509
2550
2558
2561
2567
2601
2619
2629
2647
2657
2674
2675
2706
2717
2728
2747
2753
2783
2789
2791
2794
2799
2814
2820
2823
2838
2844
2851
2898
2908
2924
2927
2940
2978
3012
3059
3081
3105
3113
3117
3140
3143
3171
3214
3222
3230
3247
3255
3256
3270
3285
3300
3309
3311
3313
3330
3348
3385
3412
3434
3437
3440
3449
3451
3513
3528
3545
3572
3609
3617
3626
3640
3672
3699
3710
3714
3730
3745
3760
3799
3827
3859
3867
3882
3883
3886
3919
3924
3935
3961
3974
4014
4064
4071
4111
4118
4130
4143
4145
4169
4181
4193
4196
4197
4202
4224
4248
4252
4266
4287
4339
4362
4382
4440
4449
4472
4482
4486
4488
4512
4515
4530
4544
4555
4566
4590
4613
4629
4642
4670
4701
4702
4706
4751
4754
4767
4772
4790
4796
4803
4805
4826
4840
4845
4851
4868
4883
4888
4890
4917
4943
4944
4952
4953
4970
4971
4974
5025
5026
5052
5058
5066
5074
5115
5118
5126
5191
5213
5253
5263
5275
5280
5283
5290
5317
5320
5335
5362
5382
5416
5447
5464
5477
5518
5521
5528
5556
5576
5595
5616
5635
5637
5668
5733
5744
5746
5756
5764
5768
5789
5808
5816
5847
5862
5886
5899
5917
5927
5939
5960
5965
5990
5991
5998
6011
6026
6030
6035
6065
6071
6077
6100