Сок лайма

142
179
240
343
356
373
413
426
489
512
570
584
605
654
662
665
694
864
904
972
982
991
1011
1012
1062
1116
1151
1169
1210
1223
1229
1245
1256
1266
1291
1301
1332
1377
1434
1435
1479
1555
1581
1584
1589
1595
1597
1614
1644
1646
1679
1692
1769
1772
1783
1840
1948
2100
2145
2172
2192
2206
2271
2285
2295
2325
2359
2383
2425
2462
2507
2524
2592
2650
2784
2847
2960
2999
3019
3116
3120
3126
3196
3204
3242
3271
3320
3323
3337
3339
3344
3354
3373
3389
3398
3473
3506
3507
3516
3519
3542
3570
3661
3668
3831
3846
3873
3899
3979
4037
4153
4170
4180
4195
4221
4231
4243
4270
4271
4372
4418
4431
4438
4696
4698
4746
4781
4816
4820
4827
4848
4856
4877
4894
4945
4961
5005
5007
5058
5112
5129
5183
5196
5310
5365
5445
5506
5514
5540
5662
5749
5850
5852
5872
5974
6000