Баклажаны

64
81
91
188
191
202
209
243
261
277
290
363
388
435
458
462
478
501
511
569
586
624
625
626
651
658
675
700
729
740
889
911
928
937
940
948
1030
1032
1083
1183
1193
1411
1413
1506
1554
1566
1696
1786
1801
1971
1989
2113
2132
2133
2151
2170
2264
2268
2287
2307
2319
2334
2335
2343
2373
2392
2414
2468
2493
2579
2607
2626
2644
2654
2672
2673
2682
2705
2727
2760
2765
2793
2840
2920
2939
2980
2981
3005
3007
3057
3073
3099
3106
3148
3161
3186
3256
3279
3281
3314
3327
3367
3368
3369
3416
3486
3504
3511
3568
3577
3587
3595
3608
3629
3631
3645
3652
3790
3833
3839
3900
3929
3941
4001
4031
4071
4077
4078
4119
4142
4182
4204
4299
4340
4372
4401
4450
4474
4519
4618
4660
4688
4804
4838
4870
4897
4919
4924
4962
5022
5070
5083
5194
5240
5284
5295
5380
5409
5451
5481
5571
5585
5600
5616
5688
5716
5737
5743
5748
5785
5800
5803
5812
6092