Тертый сыр пармезан

56
67
197
201
223
272
326
382
399
410
455
482
511
723
736
783
889
893
918
925
979
989
992
1000
1032
1065
1131
1172
1229
1270
1280
1290
1362
1382
1435
1436
1454
1507
1538
1547
1563
1566
1647
1676
1690
1709
1722
1792
1802
1817
1836
1853
1874
1901
1950
1963
2062
2077
2083
2135
2191
2260
2277
2313
2397
2403
2456
2475
2494
2540
2605
2606
2625
2647
2677
2679
2749
2767
2775
2776
2818
2858
2954
2956
3027
3075
3078
3148
3175
3185
3223
3249
3254
3260
3265
3291
3353
3369
3374
3399
3486
3578
3608
3645
3708
3799
3819
3838
3956
3987
4046
4091
4093
4095
4123
4156
4341
4349
4412
4516
4535
4618
4622
4645
4649
4728
4752
4784
4797
4897
4914
4978
4989
5038
5104
5177
5288
5296
5314
5326
5388
5421
5426
5429
5437
5440
5442
5532
5712
5764
5784
5787
5805
5810
5818
5855
5858
5869
5870
5873
5919
5939
5950
5971
5973
6029
6067