ָלבטנ

79
121
148
235
240
393
409
441
448
465
573
614
628
640
643
654
657
681
742
760
782
788
807
808
885
897
911
982
991
1005
1023
1041
1144
1160
1269
1302
1482
1500
1589
1667
1703
1781
1810
1823
1832
1848
1887
1888
1899
1931
1984
2052
2094
2184
2243
2252
2263
2273
2290
2336
2347
2364
2383
2455
2478
2519
2549
2563
2658
2660
2665
2738
2814
2826
2829
2859
2865
2868
2910
2936
2955
3074
3109
3140
3159
3171
3221
3228
3234
3327
3431
3592
3759
3760
3852
3859
3884
3894
3904
3949
3979
4007
4044
4075
4094
4214
4240
4277
4302
4345
4361
4383
4402
4411
4480
4511
4534
4562
4580
4630
4644
4663
4706
4718
4885
5033
5080
5167
5173
5179
5203
5252
5266
5277
5303
5327
5485
5548
5605
5610
5653
5662
5901
5928
5940
5949
5957
5959
6058
6095