Сметана

76
82
103
132
161
163
178
192
215
239
251
252
266
279
305
333
334
335
336
342
359
379
400
452
481
502
513
526
531
538
541
549
558
561
574
608
631
661
672
675
680
688
708
719
723
724
744
752
757
778
810
817
827
845
846
848
853
860
872
884
926
933
945
950
961
969
973
975
986
988
1013
1051
1079
1083
1089
1090
1098
1115
1130
1153
1164
1192
1197
1201
1204
1265
1266
1284
1287
1309
1328
1331
1346
1348
1355
1361
1370
1398
1407
1432
1451
1459
1460
1464
1476
1479
1488
1502
1539
1542
1544
1548
1561
1592
1598
1599
1610
1633
1671
1753
1777
1845
1856
1879
1892
1897
1929
1941
1944
1967
1972
1976
1983
1995
2004
2021
2027
2036
2037
2074
2090
2098
2102
2141
2182
2183
2187
2188
2192
2193
2196
2228
2230
2232
2252
2262
2266
2284
2350
2421
2428
2460
2461
2490
2503
2506
2554
2556
2569
2608
2621
2659
2666
2749
2789
2867
2897
2903
2906
2907
2944
2953
2973
3011
3029
3053
3082
3089
3096
3121
3173
3192
3219
3233
3288
3289
3302
3303
3319
3335
3362
3365
3393
3394
3398
3416
3467
3492
3534
3569
3580
3583
3586
3605
3626
3633
3711
3754
3762
3789
3826
3857
3875
3897
3898
3932
3936
3939
3940
3955
3957
3966
3978
3989
3993
4028
4090
4101
4105
4106
4117
4125
4126
4146
4170
4173
4198
4199
4201
4216
4223
4233
4252
4258
4277
4299
4347
4373
4382
4391
4428
4455
4479
4492
4523
4574
4625
4647
4657
4658
4715
4729
4731
4740
4764
4766
4772
4775
4833
4857
4860
4883
4891
4910
4994
5041
5063
5093
5103
5118
5123
5137
5139
5145
5155
5189
5197
5199
5206
5259
5300
5327
5331
5340
5345
5378
5472
5478
5501
5508
5535
5536
5545
5573
5583
5603
5627
5669
5681
5794
5854
5863
5868
5893
5951
5960
5963
5977
5979
5989
6004
6006
6011
6017
6060
6063
6068