Сахарная пудра

14
16
22
63
85
113
128
172
192
220
221
259
275
285
287
310
390
419
449
531
540
550
599
669
730
805
806
824
908
964
984
990
995
1069
1148
1154
1182
1214
1239
1257
1310
1317
1323
1360
1367
1440
1463
1483
1498
1528
1539
1567
1571
1599
1633
1636
1659
1704
1740
1753
1839
1883
1930
1937
1948
1957
2035
2048
2070
2073
2095
2117
2178
2229
2237
2259
2274
2281
2289
2297
2331
2350
2377
2412
2424
2449
2457
2479
2484
2487
2517
2566
2582
2585
2590
2612
2698
2700
2710
2717
2780
2817
2864
2879
2892
2962
3005
3006
3052
3131
3154
3179
3191
3198
3208
3258
3284
3288
3298
3300
3326
3341
3448
3458
3467
3529
3530
3560
3589
3605
3611
3647
3674
3733
3810
3848
3871
3872
3961
3988
4009
4081
4101
4110
4135
4255
4280
4318
4327
4328
4354
4391
4514
4523
4671
4682
4705
4707
4765
4766
4776
4780
4812
4817
4847
4871
4883
4928
4949
4955
4964
4974
5004
5091
5117
5135
5143
5157
5185
5191
5249
5287
5289
5410
5428
5441
5443
5447
5508
5518
5543
5611
5634
5757
5778
5798
5843
5877
5887
5908
5912
5953
5954
5967
6002
6017
6034
6054