Морковь

6
9
21
24
35
61
67
75
76
78
88
91
99
101
111
117
119
136
144
148
161
165
169
186
188
198
215
231
238
243
244
252
253
261
277
279
280
284
299
303
306
317
322
324
336
339
341
343
344
347
353
354
403
404
408
409
411
417
436
469
486
499
505
506
521
538
571
574
591
618
625
634
644
648
650
655
663
673
676
677
687
707
709
754
786
803
804
810
812
835
843
845
858
870
876
888
903
909
911
914
920
924
942
947
950
962
976
981
1000
1005
1017
1023
1024
1035
1047
1048
1066
1075
1084
1086
1107
1108
1109
1112
1121
1131
1135
1157
1159
1162
1174
1196
1202
1213
1217
1244
1245
1251
1265
1270
1295
1297
1299
1300
1302
1313
1340
1351
1393
1403
1441
1443
1454
1455
1469
1484
1489
1493
1501
1508
1548
1552
1553
1557
1558
1561
1567
1572
1578
1582
1584
1590
1595
1606
1618
1620
1625
1630
1632
1641
1662
1665
1667
1680
1684
1716
1722
1734
1744
1759
1784
1792
1795
1813
1814
1815
1821
1843
1845
1858
1872
1873
1882
1885
1890
1892
1896
1897
1910
1917
1919
1920
1927
1928
1935
1936
1951
1953
1959
1974
1981
1996
2003
2012
2028
2034
2050
2078
2088
2090
2110
2124
2127
2141
2145
2156
2159
2167
2186
2195
2199
2204
2227
2230
2235
2251
2266
2292
2294
2316
2317
2319
2361
2373
2375
2389
2391
2392
2401
2420
2450
2485
2523
2529
2532
2536
2553
2575
2589
2594
2600
2601
2614
2615
2621
2626
2630
2662
2684
2687
2697
2710
2711
2713
2730
2736
2742
2771
2776
2777
2787
2791
2797
2804
2818
2836
2842
2849
2858
2859
2874
2881
2899
2916
2927
2931
2938
2961
2970
2975
2976
2987
2990
3017
3021
3023
3028
3032
3042
3065
3082
3085
3104
3118
3123
3127
3132
3141
3147
3151
3152
3160
3164
3189
3199
3211
3214
3222
3232
3233
3234
3244
3249
3263
3269
3274
3278
3286
3289
3292
3293
3315
3319
3334
3386
3389
3402
3406
3413
3420
3430
3432
3435
3438
3439
3449
3452
3454
3466
3474
3476
3484
3485
3493
3502
3505
3515
3525
3533
3540
3546
3549
3553
3554
3561
3564
3567
3570
3576
3598
3601
3615
3616
3620
3623
3626
3641
3646
3660
3680
3690
3695
3698
3702
3705
3712
3719
3724
3727
3730
3742
3743
3750
3753
3758
3760
3775
3793
3795
3801
3811
3839
3857
3863
3864
3880
3901
3922
3926
3927
3930
3931
3951
3960
3970
3973
3979
3985
4010
4021
4025
4027
4028
4032
4036
4044
4045
4051
4053
4060
4065
4074
4115
4118
4122
4136
4139
4142
4150
4184
4188
4191
4192
4206
4212
4228
4230
4234
4240
4258
4263
4270
4284
4291
4299
4310
4314
4324
4333
4339
4340
4341
4343
4345
4352
4375
4380
4383
4384
4393
4398
4420
4426
4446
4448
4484
4485
4492
4507
4520
4525
4527
4529
4534
4543
4545
4550
4555
4558
4559
4560
4561
4562
4573
4579
4582
4587
4601
4611
4627
4630
4634
4643
4644
4646
4667
4672
4693
4700
4704
4714
4751
4756
4757
4758
4760
4764
4778
4792
4824
4838
4845
4846
4875
4879
4885
4886
4889
4896
4897
4913
4930
4966
4968
4982
4986
4995
4996
5002
5018
5019
5023
5032
5033
5048
5064
5083
5101
5111
5118
5120
5132
5134
5151
5152
5160
5161
5163
5164
5177
5189
5207
5219
5221
5235
5239
5247
5252
5254
5257
5274
5276
5277
5281
5300
5310
5316
5318
5326
5329
5334
5337
5353
5371
5377
5378
5379
5386
5388
5406
5407
5432
5436
5454
5460
5466
5472
5475
5478
5487
5496
5501
5530
5536
5547
5562
5569
5570
5576
5577
5578
5607
5612
5613
5621
5635
5639
5642
5644
5645
5646
5662
5683
5686
5689
5697
5709
5711
5714
5731
5732
5735
5738
5742
5762
5774
5775
5776
5810
5819
5854
5864
5885
5902
5911
5913
5915
5925
5930
5933
5968
5982
5987
5993
5999
6010
6014
6022
6033
6044
6057
6074
6075
6077
6080
6093
6099