Лавровый лист

39
94
109
118
161
165
173
188
280
290
294
302
324
335
339
350
353
417
471
581
650
655
677
688
747
762
783
832
841
869
879
889
930
931
947
976
1045
1063
1084
1119
1147
1192
1218
1231
1253
1272
1295
1313
1340
1350
1384
1392
1395
1450
1456
1469
1482
1484
1493
1497
1517
1548
1557
1559
1562
1563
1620
1630
1671
1724
1728
1747
1754
1784
1786
1788
1821
1910
1912
1927
1962
2003
2006
2030
2034
2050
2078
2079
2085
2090
2096
2146
2150
2165
2200
2211
2225
2251
2252
2263
2300
2318
2355
2367
2409
2415
2474
2523
2534
2545
2571
2575
2589
2591
2594
2628
2631
2656
2661
2718
2719
2748
2835
2940
2944
2961
2969
2990
3021
3065
3104
3118
3132
3141
3148
3199
3228
3296
3319
3396
3402
3428
3430
3481
3515
3571
3601
3642
3646
3671
3680
3705
3742
3743
3750
3793
3819
3840
3856
3889
3895
3901
3985
4001
4036
4044
4051
4122
4191
4258
4277
4286
4324
4339
4385
4393
4426
4434
4466
4484
4492
4507
4525
4537
4549
4560
4562
4563
4586
4603
4672
4703
4712
4718
4778
4783
4792
4889
4896
4920
5033
5044
5096
5120
5130
5164
5189
5235
5254
5278
5297
5309
5315
5333
5388
5484
5535
5556
5570
5572
5583
5590
5617
5652
5653
5660
5690
5711
5717
5731
5751
5775
5817
5895
5896
5907
5924
5943
5951
5978
5993
6020
6021
6041
6044
6060
6075