Куриный бульон

18
23
29
38
48
61
62
67
74
94
130
152
179
185
197
288
324
409
423
448
482
510
536
544
566
567
568
573
596
602
632
647
673
713
714
716
740
742
765
783
807
827
846
856
860
878
907
925
934
970
985
1000
1024
1034
1094
1123
1135
1176
1179
1180
1184
1192
1208
1254
1260
1281
1286
1304
1338
1350
1351
1379
1386
1409
1434
1473
1556
1572
1590
1606
1607
1657
1658
1669
1677
1694
1733
1759
1769
1780
1781
1805
1855
1862
1878
1973
2052
2080
2127
2163
2177
2191
2198
2217
2252
2279
2285
2308
2352
2368
2389
2410
2437
2471
2472
2474
2475
2533
2540
2561
2587
2595
2605
2606
2651
2658
2690
2708
2723
2733
2735
2781
2804
2829
2842
2865
2866
2903
2931
2939
2950
2955
2956
2998
3021
3031
3074
3090
3094
3127
3129
3135
3147
3169
3216
3220
3265
3274
3291
3320
3354
3372
3395
3398
3403
3412
3427
3449
3464
3489
3528
3537
3542
3553
3614
3691
3771
3780
3797
3831
3840
3853
3882
3894
3897
3904
3922
3931
3957
3979
4053
4073
4089
4132
4170
4173
4195
4197
4214
4230
4237
4291
4315
4346
4355
4361
4437
4438
4441
4442
4471
4496
4502
4537
4550
4597
4608
4639
4648
4773
4786
4825
4870
4876
4913
4920
5002
5011
5100
5169
5196
5207
5211
5216
5245
5251
5252
5256
5263
5297
5387
5393
5429
5430
5478
5485
5493
5507
5536
5560
5607
5611
5656
5668
5685
5687
5723
5727
5736
5810
5814
5819
5821
5866
5889
5924
5937
5958
5973
5995
5999
6013
6033
6088
6097
6098