Μεδ

0
17
20
35
42
63
72
93
104
113
123
160
214
231
244
249
253
285
295
297
337
338
397
398
420
446
495
500
505
532
539
550
557
573
602
630
639
681
694
697
739
746
768
786
796
805
838
842
849
880
890
914
915
1005
1012
1015
1023
1052
1118
1144
1156
1162
1194
1213
1215
1236
1240
1243
1272
1275
1276
1296
1304
1345
1349
1370
1406
1452
1459
1496
1503
1512
1529
1541
1564
1628
1644
1645
1678
1718
1741
1748
1772
1789
1809
1833
1857
1923
1956
1964
1968
1975
1982
2005
2026
2063
2069
2155
2179
2205
2218
2231
2237
2240
2257
2261
2298
2331
2339
2351
2372
2384
2389
2464
2505
2516
2554
2565
2583
2612
2632
2635
2636
2654
2687
2763
2764
2794
2814
2816
2819
2821
2830
2895
2936
2968
2977
2978
2987
2995
2996
3034
3053
3063
3109
3139
3140
3150
3160
3167
3215
3234
3238
3242
3248
3268
3293
3294
3304
3305
3409
3410
3423
3444
3462
3531
3543
3554
3628
3643
3710
3773
3791
3800
3825
3829
3848
3875
3917
3963
3964
3990
4009
4019
4031
4034
4083
4085
4103
4231
4295
4305
4306
4315
4327
4345
4348
4361
4397
4405
4416
4417
4461
4482
4515
4517
4568
4593
4650
4659
4679
4701
4722
4769
4796
4802
4858
4868
4872
4878
4948
4984
5006
5013
5033
5078
5114
5153
5179
5226
5306
5310
5363
5382
5396
5410
5422
5459
5469
5528
5605
5614
5637
5662
5675
5701
5789
5792
5834
5856
5872
5893
5898
5899
5946
5949
6024
6042
6069
6080
6100