Соль

0
2
3
6
8
9
11
12
13
15
17
18
20
21
24
25
27
28
29
30
31
32
37
38
39
40
41
48
49
50
51
55
56
57
64
67
71
73
74
76
78
79
82
83
87
88
91
92
96
97
99
100
102
106
107
109
112
114
115
116
117
118
119
121
122
123
124
125
126
127
129
130
131
132
133
134
137
138
140
141
142
143
146
147
148
150
152
154
157
159
162
163
164
165
170
174
175
176
177
178
179
180
181
182
184
185
186
188
194
195
196
197
199
201
202
204
208
211
212
213
215
218
219
220
221
222
223
224
226
228
229
232
234
235
238
239
244
248
249
251
252
253
254
255
256
259
260
261
265
266
268
269
271
273
276
280
283
285
288
290
292
294
295
296
302
303
306
312
314
316
317
318
319
320
321
325
330
332
333
335
337
339
341
342
345
346
348
349
350
351
353
359
360
361
362
363
364
365
369
370
373
374
375
377
378
380
381
382
383
386
390
392
393
394
395
396
399
400
403
405
407
408
411
412
413
414
416
417
418
421
423
427
428
430
431
432
433
434
435
437
438
441
447
450
453
459
465
467
468
469
470
471
472
473
475
477
480
481
482
486
491
492
496
497
499
504
505
507
511
513
514
515
516
517
518
522
524
525
527
528
529
531
535
536
537
539
540
541
542
544
546
547
548
553
556
559
560
561
563
564
565
567
568
571
573
574
575
577
578
580
581
583
584
585
587
588
590
591
594
595
596
600
601
603
605
606
610
614
617
620
621
623
624
625
626
627
628
634
635
637
638
641
642
644
648
649
651
652
653
654
655
656
658
661
663
666
667
668
670
671
672
673
675
677
678
679
680
682
683
687
689
690
692
693
696
699
700
703
704
706
709
711
712
713
715
716
717
718
720
721
724
728
730
731
733
735
737
738
740
741
742
744
745
747
749
750
754
755
756
757
759
760
762
764
765
768
770
772
773
776
777
778
780
781
784
789
791
792
793
796
799
800
802
804
810
812
816
819
820
821
826
827
828
830
833
834
835
836
839
840
841
845
846
847
851
855
856
860
861
863
864
865
866
867
868
870
871
874
875
876
878
879
880
882
883
884
887
889
890
893
896
898
901
904
906
907
908
910
912
914
926
927
928
931
933
934
937
938
939
944
945
946
947
952
953
954
959
961
963
964
971
972
973
975
976
978
980
982
984
986
989
992
993
996
998
999
1000
1001
1004
1006
1008
1009
1012
1014
1015
1020
1022
1023
1024
1025
1028
1029
1031
1032
1035
1040
1042
1043
1045
1047
1050
1051
1053
1054
1055
1056
1057
1058
1059
1066
1067
1068
1070
1071
1072
1076
1078
1079
1081
1082
1083
1084
1086
1088
1090
1091
1092
1093
1094
1096
1100
1102
1104
1105
1107
1108
1112
1113
1115
1116
1117
1122
1123
1124
1127
1129
1130
1132
1134
1135
1136
1137
1139
1141
1142
1143
1145
1146
1147
1149
1151
1152
1153
1157
1158
1159
1160
1161
1163
1164
1165
1170
1171
1172
1173
1175
1176
1178
1179
1183
1184
1188
1189
1190
1192
1193
1195
1196
1199
1200
1201
1202
1204
1214
1216
1221
1224
1226
1228
1231
1232
1233
1238
1242
1243
1244
1245
1246
1248
1249
1251
1252
1253
1254
1256
1259
1265
1269
1271
1272
1273
1275
1280
1281
1282
1284
1287
1288
1289
1291
1295
1300
1303
1305
1306
1307
1308
1310
1312
1315
1318
1321
1323
1325
1326
1331
1332
1333
1334
1338
1340
1341
1343
1346
1349
1351
1355
1356
1357
1359
1360
1363
1364
1365
1366
1367
1368
1371
1375
1378
1379
1385
1388
1389
1392
1393
1394
1397
1398
1401
1402
1407
1408
1411
1413
1414
1415
1416
1418
1419
1420
1423
1424
1425
1429
1430
1436
1437
1438
1439
1442
1445
1448
1450
1451
1452
1453
1455
1456
1458
1461
1463
1468
1469
1472
1474
1475
1478
1484
1486
1489
1493
1495
1497
1498
1499
1500
1502
1505
1507
1508
1511
1512
1514
1516
1517
1518
1519
1520
1523
1524
1526
1527
1533
1534
1538
1539
1541
1542
1544
1547
1549
1552
1553
1554
1555
1556
1557
1558
1562
1564
1566
1570
1573
1575
1578
1580
1582
1588
1590
1591
1592
1593
1596
1598
1600
1606
1607
1611
1615
1616
1617
1618
1619
1620
1621
1626
1629
1632
1633
1636
1637
1640
1641
1643
1649
1650
1652
1654
1656
1659
1662
1665
1670
1673
1676
1681
1682
1683
1686
1689
1690
1692
1694
1700
1703
1704
1706
1708
1709
1710
1711
1712
1714
1715
1716
1717
1722
1723
1724
1725
1726
1728
1729
1731
1733
1735
1736
1738
1739
1741
1742
1747
1751
1752
1754
1757
1760
1761
1763
1765
1770
1771
1777
1778
1779
1782
1784
1785
1786
1788
1791
1792
1794
1795
1796
1798
1799
1801
1802
1803
1804
1807
1809
1810
1812
1813
1815
1817
1819
1820
1821
1822
1824
1830
1832
1833
1834
1836
1837
1839
1840
1842
1843
1851
1852
1853
1854
1856
1857
1858
1860
1862
1863
1865
1868
1873
1875
1877
1878
1879
1880
1881
1882
1884
1885
1886
1887
1888
1889
1890
1891
1892
1893
1896
1899
1900
1901
1903
1905
1907
1909
1910
1911
1912
1913
1916
1917
1918
1920
1921
1925
1926
1927
1928
1929
1931
1933
1943
1944
1945
1948
1951
1952
1961
1962
1966
1971
1972
1976
1978
1982
1984
1985
1990
1991
1994
1995
1996
1997
1998
1999
2003
2004
2005
2006
2007
2009
2010
2011
2012
2013
2016
2017
2018
2019
2020
2022
2026
2027
2028
2029
2030
2032
2034
2035
2036
2037
2038
2039
2040
2041
2042
2046
2047
2049
2053
2055
2057
2060
2061
2064
2065
2066
2068
2069
2074
2075
2077
2078
2079
2080
2081
2083
2084
2085
2086
2087
2089
2090
2091
2092
2093
2094
2098
2099
2100
2103
2104
2108
2110
2111
2112
2117
2119
2120
2122
2123
2124
2125
2126
2127
2130
2131
2133
2134
2136
2137
2138
2141
2142
2143
2145
2146
2147
2150
2151
2152
2153
2157
2160
2163
2165
2166
2168
2173
2174
2175
2176
2177
2178
2182
2183
2185
2186
2187
2189
2190
2192
2193
2194
2195
2196
2200
2202
2205
2208
2209
2210
2213
2216
2217
2218
2223
2224
2227
2228
2229
2230
2232
2233
2234
2236
2238
2240
2242
2248
2250
2251
2252
2254
2255
2258
2259
2261
2263
2264
2265
2266
2268
2270
2271
2272
2275
2277
2279
2280
2283
2284
2288
2291
2295
2299
2300
2301
2302
2305
2306
2307
2308
2309
2310
2311
2313
2314
2315
2316
2317
2318
2319
2320
2322
2325
2328
2329
2330
2333
2334
2335
2336
2337
2338
2339
2341
2344
2345
2349
2352
2357
2360
2361
2364
2366
2368
2369
2374
2375
2376
2379
2387
2388
2389
2390
2392
2393
2397
2398
2402
2403
2404
2405
2406
2407
2408
2409
2411
2414
2415
2418
2419
2420
2421
2422
2425
2426
2427
2430
2434
2435
2436
2437
2438
2440
2442
2444
2445
2446
2448
2450
2451
2453
2458
2459
2461
2463
2464
2466
2473
2474
2479
2480
2482
2483
2488
2492
2493
2494
2497
2498
2499
2501
2506
2507
2509
2510
2511
2513
2514
2515
2516
2519
2521
2523
2524
2525
2527
2529
2530
2532
2534
2535
2537
2538
2539
2544
2545
2547
2549
2550
2551
2555
2558
2560
2561
2562
2563
2564
2568
2569
2571
2572
2575
2576
2584
2587
2589
2590
2591
2593
2595
2596
2597
2600
2601
2602
2605
2608
2611
2613
2614
2615
2616
2617
2618
2620
2623
2624
2627
2628
2629
2631
2633
2634
2639
2640
2644
2645
2647
2648
2649
2650
2652
2653
2654
2655
2661
2662
2666
2670
2673
2674
2679
2682
2684
2685
2686
2693
2694
2698
2699
2702
2704
2705
2707
2709
2711
2712
2714
2715
2716
2717
2719
2720
2721
2726
2727
2730
2734
2735
2738
2739
2740
2741
2745
2747
2752
2753
2755
2756
2757
2758
2759
2763
2764
2765
2767
2769
2770
2771
2773
2774
2776
2777
2780
2781
2783
2789
2791
2792
2795
2796
2797
2803
2804
2805
2806
2807
2808
2809
2810
2811
2812
2813
2814
2815
2816
2817
2818
2820
2821
2823
2824
2826
2832
2835
2837
2839
2845
2847
2848
2849
2850
2851
2852
2853
2854
2856
2857
2858
2862
2864
2866
2869
2871
2872
2876
2879
2880
2881
2882
2884
2885
2891
2892
2893
2896
2898
2903
2904
2906
2908
2910
2911
2912
2916
2917
2920
2921
2922
2923
2924
2927
2931
2937
2938
2939
2942
2943
2944
2947
2948
2950
2951
2953
2955
2956
2960
2961
2962
2965
2966
2968
2969
2970
2972
2976
2978
2979
2980
2981
2986
2989
2990
2993
2994
2998
2999
3000
3001
3004
3005
3007
3008
3011
3012
3015
3016
3017
3018
3019
3022
3029
3031
3034
3035
3036
3037
3039
3041
3047
3051
3055
3056
3057
3058
3061
3062
3065
3067
3069
3070
3072
3080
3081
3082
3083
3084
3085
3086
3089
3090
3091
3093
3094
3096
3098
3108
3109
3112
3114
3115
3118
3119
3121
3122
3125
3126
3130
3132
3135
3137
3141
3142
3144
3145
3147
3148
3151
3152
3153
3156
3157
3160
3163
3165
3167
3173
3174
3175
3178
3179
3180
3181
3182
3183
3185
3186
3187
3188
3189
3191
3192
3193
3195
3199
3201
3204
3206
3207
3209
3210
3211
3213
3214
3216
3217
3218
3219
3220
3221
3223
3225
3226
3228
3229
3233
3236
3237
3239
3240
3242
3246
3247
3249
3253
3257
3260
3262
3263
3264
3266
3268
3269
3271
3272
3275
3278
3279
3280
3281
3282
3285
3286
3287
3289
3291
3293
3296
3297
3301
3304
3306
3307
3308
3309
3310
3313
3315
3316
3317
3319
3321
3324
3325
3326
3330
3332
3335
3337
3338
3340
3344
3348
3350
3353
3356
3357
3359
3364
3365
3367
3368
3369
3373
3374
3377
3379
3382
3384
3385
3386
3392
3394
3395
3396
3398
3399
3400
3402
3404
3406
3409
3412
3413
3415
3419
3421
3422
3427
3428
3429
3432
3434
3435
3436
3438
3440
3441
3442
3447
3451
3452
3455
3457
3461
3463
3464
3465
3466
3468
3469
3471
3473
3474
3476
3478
3479
3480
3481
3483
3485
3486
3488
3489
3490
3500
3501
3503
3506
3510
3511
3514
3517
3518
3519
3526
3527
3529
3531
3533
3534
3536
3540
3541
3544
3545
3547
3548
3553
3554
3556
3558
3560
3564
3565
3568
3569
3575
3576
3577
3579
3580
3583
3584
3586
3588
3590
3591
3592
3595
3600
3603
3604
3606
3607
3609
3612
3613
3616
3618
3619
3620
3621
3622
3623
3626
3630
3632
3633
3634
3636
3638
3642
3645
3646
3647
3649
3654
3657
3659
3663
3665
3666
3668
3669
3671
3672
3674
3678
3679
3680
3682
3688
3691
3696
3697
3700
3702
3703
3704
3705
3707
3709
3711
3713
3716
3718
3720
3722
3723
3725
3726
3727
3730
3731
3733
3736
3737
3739
3742
3743
3748
3749
3750
3753
3754
3755
3756
3758
3763
3768
3769
3771
3772
3774
3775
3780
3781
3783
3785
3786
3787
3790
3792
3793
3795
3797
3799
3805
3808
3810
3811
3813
3815
3819
3821
3823
3824
3825
3833
3834
3836
3838
3841
3843
3844
3846
3847
3851
3853
3854
3856
3857
3858
3859
3860
3861
3863
3864
3865
3866
3869
3871
3873
3876
3877
3880
3882
3883
3884
3887
3888
3890
3893
3894
3895
3897
3898
3901
3905
3906
3909
3910
3912
3913
3914
3915
3916
3918
3919
3920
3921
3923
3929
3930
3932
3935
3937
3939
3941
3943
3944
3946
3954
3956
3958
3960
3961
3963
3964
3966
3972
3973
3976
3977
3978
3979
3980
3984
3986
3989
3990
3991
3996
3997
3999
4000
4001
4002
4005
4006
4007
4008
4011
4015
4017
4023
4025
4026
4027
4029
4031
4032
4036
4038
4039
4040
4043
4044
4045
4048
4049
4051
4052
4055
4056
4057
4059
4064
4065
4067
4068
4069
4070
4072
4073
4075
4076
4077
4088
4089
4090
4091
4093
4098
4099
4100
4102
4103
4106
4107
4108
4109
4110
4113
4114
4116
4117
4118
4119
4120
4122
4125
4126
4129
4130
4132
4136
4137
4142
4143
4144
4146
4148
4149
4150
4151
4152
4153
4157
4160
4161
4162
4165
4166
4167
4169
4172
4173
4179
4180
4181
4182
4184
4188
4191
4194
4196
4197
4200
4201
4203
4204
4205
4206
4208
4210
4211
4214
4216
4217
4219
4224
4226
4227
4229
4234
4236
4237
4240
4241
4242
4243
4245
4248
4249
4250
4251
4252
4254
4258
4259
4261
4262
4265
4266
4267
4269
4273
4275
4276
4277
4279
4282
4285
4286
4288
4289
4291
4299
4301
4304
4305
4306
4309
4311
4313
4314
4315
4316
4320
4321
4322
4323
4326
4329
4330
4331
4332
4333
4335
4336
4339
4340
4341
4347
4350
4351
4352
4354
4355
4356
4362
4363
4364
4365
4367
4368
4369
4370
4373
4376
4378
4379
4380
4381
4382
4385
4389
4391
4393
4399
4400
4401
4402
4403
4407
4411
4416
4418
4421
4422
4423
4426
4427
4429
4432
4433
4437
4438
4440
4441
4444
4446
4447
4449
4450
4451
4452
4456
4458
4460
4463
4466
4469
4471
4474
4476
4477
4478
4479
4483
4484
4485
4486
4488
4492
4494
4495
4501
4502
4507
4508
4510
4513
4514
4515
4516
4518
4519
4525
4527
4528
4529
4530
4531
4532
4533
4534
4536
4537
4541
4543
4545
4548
4549
4550
4552
4556
4558
4559
4560
4561
4562
4563
4565
4567
4569
4570
4571
4572
4574
4575
4576
4579
4580
4582
4585
4586
4587
4590
4593
4597
4598
4599
4600
4602
4604
4607
4609
4611
4612
4614
4615
4616
4618
4619
4620
4621
4622
4624
4626
4627
4628
4630
4631
4632
4633
4634
4638
4639
4640
4643
4646
4649
4652
4653
4655
4656
4657
4658
4662
4666
4668
4669
4670
4672
4673
4674
4675
4676
4679
4681
4682
4683
4686
4687
4688
4689
4690
4692
4693
4697
4698
4700
4701
4704
4706
4710
4712
4718
4719
4720
4721
4722
4723
4724
4725
4726
4730
4731
4732
4733
4737
4738
4741
4742
4743
4745
4746
4747
4750
4751
4754
4755
4756
4759
4760
4763
4770
4771
4772
4774
4775
4778
4779
4782
4783
4786
4787
4788
4792
4793
4794
4795
4799
4800
4801
4803
4804
4806
4808
4809
4811
4813
4814
4815
4816
4817
4818
4819
4820
4821
4823
4824
4830
4833
4834
4835
4836
4837
4838
4839
4841
4843
4844
4846
4848
4853
4854
4855
4858
4859
4860
4861
4862
4863
4864
4866
4867
4868
4870
4871
4874
4881
4883
4885
4887
4888
4889
4892
4897
4901
4902
4903
4904
4905
4906
4910
4911
4912
4914
4915
4916
4918
4920
4922
4923
4927
4934
4936
4938
4939
4940
4944
4947
4949
4950
4952
4954
4956
4958
4959
4960
4962
4963
4964
4966
4967
4969
4970
4971
4972
4973
4975
4977
4978
4982
4983
4984
4986
4987
4988
4995
4996
4997
5000
5001
5004
5013
5014
5019
5021
5022
5025
5027
5028
5029
5030
5031
5032
5033
5034
5035
5038
5039
5040
5042
5044
5045
5047
5048
5049
5051
5052
5053
5057
5059
5060
5062
5064
5068
5069
5070
5073
5075
5077
5079
5080
5082
5084
5085
5089
5094
5095
5096
5097
5099
5101
5107
5111
5112
5113
5115
5116
5118
5123
5126
5128
5129
5130
5131
5132
5134
5135
5139
5141
5142
5144
5145
5147
5148
5149
5151
5154
5158
5159
5161
5163
5165
5167
5169
5170
5172
5173
5175
5176
5177
5178
5179
5181
5183
5184
5186
5187
5188
5189
5191
5192
5193
5194
5195
5197
5200
5203
5205
5206
5207
5208
5210
5211
5213
5214
5216
5218
5219
5222
5224
5227
5228
5232
5233
5235
5236
5237
5238
5240
5242
5244
5246
5247
5249
5250
5252
5253
5254
5257
5258
5265
5266
5267
5270
5271
5273
5277
5278
5279
5283
5286
5290
5297
5298
5299
5300
5301
5302
5304
5305
5306
5309
5310
5315
5316
5317
5319
5320
5322
5324
5326
5332
5333
5334
5335
5337
5338
5340
5341
5342
5343
5348
5349
5350
5352
5356
5360
5364
5366
5367
5371
5375
5380
5381
5384
5385
5387
5388
5391
5394
5399
5401
5402
5403
5408
5412
5414
5421
5423
5424
5425
5430
5435
5436
5437
5439
5442
5444
5445
5446
5448
5449
5450
5453
5454
5455
5459
5461
5462
5463
5466
5467
5468
5471
5473
5475
5478
5479
5481
5482
5483
5484
5486
5489
5491
5493
5496
5497
5498
5501
5507
5508
5511
5512
5516
5518
5520
5523
5525
5527
5528
5529
5530
5533
5536
5537
5538
5540
5541
5542
5545
5547
5548
5551
5555
5556
5558
5559
5561
5562
5563
5565
5569
5573
5574
5576
5577
5578
5579
5580
5581
5582
5583
5584
5585
5587
5588
5589
5590
5591
5593
5597
5598
5601
5603
5606
5607
5612
5615
5618
5619
5620
5623
5624
5625
5626
5628
5629
5632
5634
5636
5639
5642
5643
5645
5649
5652
5653
5655
5657
5660
5665
5669
5670
5673
5675
5676
5677
5680
5681
5684
5686
5687
5689
5690
5692
5693
5694
5696
5697
5698
5701
5703
5707
5708
5712
5714
5716
5717
5719
5721
5722
5725
5726
5727
5729
5732
5733
5734
5735
5736
5738
5739
5743
5744
5745
5748
5749
5753
5757
5758
5764
5765
5767
5769
5770
5771
5775
5779
5783
5788
5790
5791
5792
5795
5796
5799
5801
5802
5804
5807
5808
5810
5812
5815
5817
5819
5827
5828
5830
5832
5834
5837
5838
5843
5844
5845
5846
5847
5849
5850
5852
5854
5855
5862
5865
5866
5868
5869
5871
5872
5875
5876
5879
5881
5882
5884
5887
5894
5896
5900
5901
5903
5912
5918
5919
5920
5922
5926
5927
5931
5932
5934
5935
5936
5940
5942
5943
5949
5951
5955
5957
5960
5961
5962
5964
5970
5971
5975
5976
5978
5979
5980
5981
5983
5988
5989
5990
5991
5992
5993
5994
5997
5999
6000
6003
6004
6005
6007
6009
6011
6012
6013
6015
6018
6020
6021
6023
6025
6028
6029
6030
6031
6033
6035
6038
6039
6040
6041
6044
6049
6050
6053
6059
6060
6062
6068
6069
6070
6071
6072
6073
6075
6079
6080
6081
6083
6084
6090
6091
6092
6096
6097
6098
6101