Укроп

64
76
117
165
215
243
265
317
323
324
335
341
353
357
361
430
437
438
458
506
543
549
558
561
574
581
583
585
636
741
745
780
803
833
841
899
935
952
957
966
1048
1054
1148
1170
1260
1265
1327
1328
1349
1357
1372
1392
1396
1427
1432
1456
1524
1569
1598
1730
1774
1841
1855
1879
1892
1902
1903
1909
1949
1962
1999
2017
2050
2062
2078
2081
2093
2151
2156
2178
2186
2193
2233
2245
2264
2326
2423
2435
2492
2508
2523
2532
2552
2591
2618
2674
2697
2713
2727
2770
2771
2773
2787
2812
2825
2834
2900
2927
2937
2938
2965
2976
2990
3002
3013
3038
3062
3071
3127
3144
3197
3233
3256
3272
3278
3289
3325
3335
3376
3455
3480
3511
3548
3561
3584
3636
3677
3690
3702
3743
3788
3839
3877
3898
3929
3930
3978
4063
4076
4125
4137
4219
4248
4253
4290
4324
4333
4373
4387
4423
4466
4488
4492
4506
4507
4528
4566
4585
4666
4719
4729
4731
4740
4747
4758
4770
4795
4799
4808
4915
4943
4986
4993
5002
5019
5077
5082
5110
5113
5145
5152
5155
5174
5199
5206
5215
5228
5253
5260
5276
5290
5339
5348
5504
5535
5537
5559
5563
5573
5583
5587
5592
5628
5655
5669
5707
5708
5742
5770
5771
5775
5789
5800
5863
5923
5935
5951
5962
5987
6001
6006
6011
6068
6072
6082