Сливочное масло

3
14
18
22
23
25
27
28
34
38
50
52
56
62
69
73
77
83
85
96
106
112
115
124
130
132
139
144
157
159
170
172
175
189
192
195
196
208
218
220
221
223
225
226
239
248
249
251
252
254
259
261
262
264
265
266
272
278
285
287
296
297
309
312
318
319
339
348
351
360
362
364
365
368
370
371
374
382
390
394
399
400
418
420
423
429
431
432
447
449
452
461
465
474
475
482
484
487
488
492
493
494
496
502
503
505
506
513
519
522
533
536
537
539
540
541
542
546
553
560
567
575
581
590
591
592
597
598
599
608
617
623
627
631
632
633
637
643
644
649
652
653
669
670
673
683
685
690
703
708
710
716
719
721
723
728
731
732
734
737
741
744
750
755
758
768
770
775
801
802
804
805
822
824
826
829
833
835
839
841
848
853
855
856
857
860
866
867
871
874
878
879
882
883
889
907
908
913
917
926
927
934
936
937
945
960
961
965
967
969
970
974
975
982
984
985
998
1003
1015
1023
1029
1033
1034
1040
1052
1058
1071
1073
1074
1076
1084
1092
1098
1102
1103
1120
1128
1129
1137
1145
1148
1151
1154
1158
1159
1163
1164
1166
1171
1173
1179
1180
1182
1186
1187
1188
1191
1192
1195
1196
1203
1205
1220
1221
1239
1246
1250
1253
1255
1257
1284
1295
1296
1302
1304
1307
1310
1313
1314
1315
1319
1321
1322
1326
1338
1344
1352
1355
1369
1375
1376
1378
1386
1408
1414
1415
1421
1424
1435
1437
1439
1440
1446
1449
1455
1460
1463
1478
1480
1483
1485
1492
1498
1510
1512
1514
1519
1526
1529
1542
1547
1559
1560
1566
1568
1570
1571
1575
1578
1592
1602
1607
1610
1616
1620
1631
1633
1639
1643
1648
1652
1659
1662
1666
1671
1672
1673
1675
1689
1697
1703
1704
1706
1709
1712
1713
1719
1720
1721
1729
1733
1734
1735
1736
1740
1742
1743
1749
1751
1752
1766
1768
1774
1775
1776
1778
1779
1783
1787
1792
1796
1812
1820
1825
1829
1830
1839
1852
1855
1883
1884
1889
1892
1894
1900
1902
1905
1913
1920
1922
1925
1930
1935
1938
1941
1950
1954
1956
1957
1958
1967
1969
1970
1983
1992
1999
2001
2005
2011
2014
2017
2020
2021
2025
2032
2035
2047
2050
2058
2060
2063
2064
2070
2072
2073
2079
2084
2090
2091
2093
2095
2096
2102
2105
2117
2121
2128
2131
2142
2147
2150
2152
2153
2163
2166
2177
2180
2183
2188
2191
2193
2196
2205
2215
2217
2218
2224
2229
2240
2244
2249
2252
2253
2254
2255
2256
2257
2258
2262
2266
2267
2269
2281
2284
2286
2293
2303
2319
2322
2326
2328
2332
2349
2350
2352
2355
2356
2361
2374
2379
2382
2387
2388
2394
2396
2403
2405
2406
2413
2415
2422
2430
2433
2437
2438
2444
2445
2446
2450
2454
2456
2457
2459
2469
2471
2472
2474
2475
2476
2479
2487
2488
2491
2498
2501
2503
2512
2514
2517
2520
2522
2525
2527
2530
2535
2539
2546
2554
2559
2564
2565
2571
2576
2582
2586
2590
2593
2596
2597
2598
2599
2601
2605
2607
2608
2612
2618
2622
2630
2631
2634
2641
2642
2648
2655
2656
2663
2666
2670
2677
2679
2687
2688
2689
2691
2698
2700
2701
2704
2707
2709
2712
2717
2722
2723
2732
2735
2737
2743
2745
2758
2760
2768
2769
2774
2778
2780
2789
2790
2796
2797
2801
2802
2805
2814
2817
2818
2828
2829
2837
2849
2854
2857
2860
2862
2864
2867
2869
2884
2889
2892
2896
2897
2901
2903
2923
2932
2936
2943
2944
2946
2950
2962
2968
2972
2978
2979
2982
2985
2988
2990
3000
3003
3008
3009
3011
3012
3013
3019
3024
3027
3029
3036
3041
3067
3076
3078
3080
3085
3086
3090
3094
3097
3115
3118
3119
3127
3133
3138
3146
3148
3151
3155
3163
3169
3174
3179
3181
3189
3192
3198
3203
3205
3219
3223
3227
3232
3243
3248
3250
3257
3259
3261
3267
3270
3282
3288
3289
3300
3308
3317
3319
3326
3331
3348
3361
3365
3380
3392
3396
3400
3415
3420
3433
3434
3442
3444
3447
3448
3449
3450
3451
3459
3461
3463
3469
3472
3475
3477
3491
3492
3498
3530
3538
3539
3541
3550
3553
3569
3573
3575
3576
3578
3579
3583
3586
3589
3594
3601
3605
3606
3609
3614
3618
3628
3634
3635
3641
3642
3645
3647
3648
3663
3667
3674
3676
3680
3681
3683
3686
3700
3701
3708
3709
3710
3727
3728
3737
3739
3755
3757
3762
3769
3770
3782
3786
3790
3797
3799
3802
3810
3812
3813
3817
3821
3825
3826
3828
3839
3840
3843
3844
3848
3851
3853
3856
3863
3865
3871
3872
3875
3876
3878
3881
3897
3906
3909
3912
3913
3916
3920
3921
3922
3930
3945
3949
3950
3953
3954
3956
3957
3959
3961
3966
3968
3971
3975
3980
3984
3992
3993
4005
4009
4015
4017
4020
4029
4047
4048
4056
4067
4072
4080
4081
4084
4087
4090
4095
4105
4108
4112
4113
4114
4126
4133
4134
4136
4138
4145
4161
4170
4186
4187
4189
4194
4196
4198
4199
4201
4207
4208
4216
4219
4220
4223
4224
4236
4244
4255
4256
4259
4262
4269
4275
4277
4278
4280
4283
4285
4295
4304
4306
4315
4318
4319
4327
4331
4335
4339
4347
4353
4354
4366
4367
4370
4379
4389
4391
4392
4406
4412
4425
4435
4436
4437
4446
4447
4449
4451
4456
4460
4462
4464
4471
4472
4478
4481
4485
4494
4495
4500
4513
4515
4518
4519
4520
4523
4524
4525
4527
4534
4539
4546
4547
4550
4562
4570
4572
4576
4587
4592
4594
4598
4606
4608
4609
4624
4625
4629
4631
4632
4633
4638
4641
4646
4657
4666
4671
4673
4678
4681
4682
4690
4691
4697
4709
4712
4721
4724
4730
4733
4737
4740
4751
4752
4758
4765
4767
4772
4775
4776
4780
4788
4789
4791
4797
4807
4811
4813
4814
4818
4821
4822
4823
4824
4829
4835
4837
4841
4844
4847
4854
4859
4864
4865
4868
4874
4876
4880
4882
4883
4888
4891
4896
4902
4907
4909
4913
4925
4928
4933
4938
4940
4945
4949
4950
4955
4958
4965
4967
4969
4976
4978
4992
5000
5003
5004
5012
5021
5023
5033
5036
5053
5054
5056
5057
5063
5066
5072
5077
5081
5086
5090
5096
5100
5108
5117
5123
5125
5127
5133
5134
5137
5138
5139
5143
5145
5149
5157
5167
5172
5174
5176
5181
5182
5189
5190
5197
5205
5208
5211
5214
5215
5216
5223
5230
5233
5234
5240
5241
5251
5252
5256
5262
5265
5267
5270
5272
5283
5288
5294
5299
5305
5308
5311
5320
5324
5331
5341
5345
5347
5350
5355
5357
5359
5367
5372
5377
5378
5385
5391
5414
5421
5426
5428
5440
5441
5444
5455
5459
5463
5471
5472
5473
5480
5483
5493
5501
5503
5508
5510
5518
5523
5528
5531
5532
5534
5535
5542
5543
5552
5555
5558
5561
5563
5565
5569
5573
5581
5591
5593
5598
5599
5608
5612
5623
5626
5627
5629
5652
5661
5664
5676
5677
5679
5680
5687
5698
5705
5734
5746
5755
5757
5763
5764
5765
5775
5778
5780
5783
5784
5787
5794
5799
5805
5810
5813
5814
5815
5817
5823
5829
5830
5831
5835
5840
5844
5851
5853
5858
5862
5865
5868
5884
5893
5896
5899
5900
5904
5912
5918
5919
5924
5941
5943
5954
5960
5964
5965
5967
5973
5979
5980
5989
6002
6004
6006
6015
6017
6031
6034
6037
6039
6045
6053
6061
6069
6082
6085
6088
6101