Соевый соус

1
2
4
13
32
45
46
51
57
60
68
72
91
93
104
111
112
137
148
151
152
160
186
209
211
235
244
249
253
263
284
291
294
330
344
355
365
367
397
402
404
414
426
435
436
439
446
454
463
530
534
544
551
573
602
615
616
622
629
630
640
647
649
655
662
665
676
681
682
686
687
694
707
709
717
748
760
774
777
788
807
808
809
842
843
845
852
858
861
862
885
897
909
912
919
924
942
949
962
978
982
983
1005
1012
1016
1018
1023
1036
1044
1061
1062
1095
1100
1105
1110
1118
1121
1134
1144
1156
1160
1174
1178
1194
1205
1207
1213
1215
1219
1238
1243
1244
1261
1294
1302
1312
1324
1344
1359
1362
1380
1383
1396
1403
1404
1409
1441
1448
1452
1470
1481
1482
1490
1516
1530
1531
1532
1541
1565
1574
1583
1584
1589
1595
1601
1613
1625
1628
1632
1640
1646
1656
1657
1670
1673
1677
1680
1684
1701
1707
1716
1724
1746
1773
1775
1789
1790
1804
1810
1814
1815
1832
1848
1854
1859
1865
1872
1873
1915
1919
1943
1946
1955
1959
1984
1987
1994
2026
2040
2076
2094
2118
2145
2148
2154
2162
2164
2197
2204
2209
2218
2220
2231
2235
2271
2283
2290
2292
2298
2306
2310
2327
2357
2366
2370
2383
2384
2391
2401
2402
2407
2425
2429
2431
2446
2451
2455
2468
2478
2481
2505
2511
2519
2521
2531
2545
2570
2572
2616
2637
2643
2646
2657
2659
2665
2680
2681
2685
2687
2690
2731
2733
2742
2752
2762
2764
2765
2784
2793
2814
2826
2833
2859
2860
2865
2870
2873
2875
2895
2910
2918
2927
2929
2957
2959
2967
2980
2981
2987
2995
2996
3001
3038
3040
3050
3054
3057
3063
3065
3077
3087
3098
3107
3135
3136
3140
3159
3170
3189
3218
3221
3222
3234
3236
3246
3276
3283
3290
3292
3294
3327
3334
3351
3358
3360
3363
3370
3371
3374
3378
3387
3390
3406
3407
3410
3424
3426
3431
3438
3454
3482
3485
3494
3497
3508
3525
3532
3549
3554
3562
3567
3570
3581
3587
3595
3617
3639
3641
3649
3655
3658
3662
3698
3712
3720
3724
3728
3746
3751
3754
3756
3759
3760
3764
3765
3772
3773
3783
3801
3804
3822
3830
3852
3868
3888
3904
3908
3917
3924
3942
3958
3964
3967
3970
3986
3998
4006
4007
4010
4018
4022
4034
4059
4060
4069
4080
4085
4094
4095
4098
4119
4147
4153
4178
4190
4228
4230
4232
4237
4243
4270
4298
4300
4303
4325
4343
4344
4348
4355
4361
4375
4383
4384
4390
4398
4409
4415
4417
4427
4430
4445
4461
4486
4515
4526
4531
4534
4554
4555
4559
4568
4601
4623
4630
4634
4640
4642
4644
4663
4679
4687
4710
4727
4732
4734
4735
4749
4753
4785
4792
4802
4810
4834
4872
4873
4878
4885
4895
4905
4921
4943
4948
4968
5023
5060
5061
5067
5079
5080
5101
5102
5105
5119
5124
5141
5162
5173
5187
5197
5198
5202
5209
5219
5239
5266
5268
5277
5285
5295
5297
5303
5307
5308
5326
5327
5334
5346
5356
5358
5363
5366
5377
5380
5386
5392
5397
5398
5420
5453
5460
5485
5500
5513
5515
5526
5528
5544
5548
5554
5558
5577
5613
5614
5622
5635
5656
5662
5666
5669
5686
5689
5695
5699
5706
5710
5717
5728
5730
5747
5754
5766
5776
5797
5820
5833
5834
5836
5856
5864
5882
5909
5910
5928
5931
5940
5945
5946
5949
5952
5956
5957
5959
5968
5987
5997
6010
6024
6026
6036
6038
6040
6046
6047
6058
6074
6088
6093
6101