Растительное масло

2
6
9
14
21
30
37
41
43
48
50
51
61
62
71
72
75
77
78
79
81
83
91
93
102
103
105
110
112
119
127
131
135
138
142
146
151
163
178
179
180
183
188
199
205
207
211
220
231
233
235
238
240
247
248
251
253
256
266
270
274
278
283
291
302
317
319
333
335
344
353
359
362
364
410
411
416
419
434
438
440
444
446
451
456
458
465
467
468
477
478
482
487
505
506
509
514
515
524
525
527
528
531
535
537
543
544
545
551
559
563
571
574
584
593
594
600
601
604
611
614
638
641
647
651
656
661
662
665
667
671
674
677
680
682
683
686
688
714
715
716
725
726
731
738
740
742
749
754
755
760
772
776
782
793
799
800
806
809
812
820
821
823
827
835
846
850
852
860
863
865
866
877
878
882
883
885
887
894
916
921
937
942
943
946
950
951
953
954
982
987
993
1016
1018
1023
1038
1047
1048
1060
1061
1066
1067
1075
1083
1100
1108
1110
1113
1115
1126
1136
1145
1149
1151
1158
1178
1190
1195
1196
1199
1200
1209
1213
1217
1222
1226
1230
1244
1245
1252
1259
1273
1285
1288
1289
1290
1308
1315
1318
1324
1330
1334
1341
1346
1348
1355
1356
1359
1363
1367
1379
1385
1389
1393
1394
1402
1404
1405
1407
1408
1411
1420
1434
1437
1443
1444
1445
1473
1474
1475
1479
1481
1489
1495
1500
1508
1518
1526
1534
1538
1540
1544
1547
1550
1554
1558
1562
1566
1567
1568
1574
1576
1582
1595
1596
1601
1606
1610
1613
1617
1618
1634
1635
1637
1642
1653
1658
1659
1670
1671
1684
1692
1705
1707
1714
1716
1719
1723
1734
1739
1755
1756
1769
1771
1777
1778
1781
1782
1785
1797
1799
1801
1803
1805
1807
1808
1810
1813
1814
1831
1838
1840
1851
1862
1875
1878
1887
1890
1917
1927
1929
1931
1934
1936
1944
1949
1951
1953
1959
1962
1966
1982
1984
1987
1988
1996
2011
2012
2018
2025
2031
2032
2036
2040
2053
2055
2057
2061
2065
2070
2093
2094
2110
2111
2114
2125
2126
2129
2133
2143
2154
2159
2168
2169
2171
2174
2183
2185
2186
2189
2194
2195
2197
2198
2199
2200
2204
2206
2210
2212
2215
2216
2222
2230
2242
2251
2254
2280
2287
2290
2300
2301
2302
2303
2307
2308
2314
2335
2342
2353
2357
2375
2392
2404
2406
2413
2418
2426
2432
2435
2440
2442
2451
2455
2462
2467
2472
2482
2483
2498
2501
2502
2507
2508
2510
2515
2521
2530
2544
2547
2549
2550
2562
2563
2565
2589
2600
2604
2606
2607
2610
2616
2618
2623
2628
2643
2651
2665
2670
2673
2675
2678
2682
2685
2692
2714
2715
2720
2730
2735
2736
2752
2756
2770
2774
2781
2784
2787
2790
2792
2804
2807
2811
2821
2832
2852
2863
2865
2866
2868
2875
2876
2880
2883
2890
2891
2895
2901
2902
2916
2918
2929
2939
2947
2948
2951
2955
2959
2965
2967
2970
2981
2992
2995
3001
3004
3007
3009
3014
3028
3033
3045
3057
3058
3062
3064
3065
3068
3073
3077
3080
3082
3087
3096
3121
3129
3138
3141
3143
3145
3153
3157
3159
3165
3171
3172
3173
3175
3186
3187
3195
3198
3200
3201
3209
3210
3218
3219
3221
3222
3223
3229
3236
3245
3246
3249
3264
3276
3283
3292
3298
3313
3314
3319
3327
3337
3340
3345
3351
3359
3367
3370
3371
3372
3374
3378
3385
3386
3393
3395
3398
3410
3412
3426
3438
3463
3465
3469
3470
3473
3484
3489
3501
3511
3512
3519
3520
3521
3526
3528
3533
3534
3535
3542
3547
3560
3562
3575
3581
3582
3606
3609
3619
3623
3631
3639
3644
3654
3657
3660
3662
3668
3669
3682
3685
3695
3696
3698
3711
3716
3718
3720
3724
3730
3739
3740
3742
3743
3749
3750
3753
3755
3756
3759
3763
3764
3767
3771
3772
3773
3789
3795
3798
3804
3811
3814
3823
3839
3843
3844
3864
3865
3869
3870
3877
3878
3884
3887
3890
3894
3898
3901
3904
3905
3907
3910
3911
3915
3916
3920
3923
3931
3932
3942
3943
3955
3960
3962
3966
3970
3976
3999
4003
4006
4007
4021
4023
4024
4027
4032
4039
4059
4064
4080
4086
4094
4104
4111
4117
4120
4126
4129
4140
4142
4163
4165
4166
4184
4191
4197
4200
4210
4211
4212
4214
4219
4234
4243
4248
4250
4265
4268
4270
4276
4277
4284
4289
4297
4299
4301
4307
4322
4335
4336
4345
4346
4348
4356
4358
4359
4361
4363
4369
4376
4379
4383
4387
4395
4401
4403
4408
4409
4416
4425
4430
4433
4441
4442
4450
4466
4469
4471
4472
4475
4476
4478
4494
4496
4508
4511
4514
4519
4529
4543
4545
4556
4558
4559
4563
4565
4567
4569
4570
4573
4577
4579
4591
4595
4610
4612
4616
4622
4630
4639
4640
4642
4662
4663
4665
4669
4671
4673
4684
4687
4693
4694
4698
4703
4704
4710
4711
4722
4726
4727
4730
4733
4734
4737
4738
4739
4743
4751
4760
4774
4786
4806
4809
4814
4824
4829
4832
4833
4835
4838
4839
4842
4848
4849
4853
4861
4863
4873
4879
4887
4888
4889
4898
4905
4915
4919
4921
4941
4956
4964
4966
4975
4984
4985
4987
4999
5018
5019
5023
5030
5032
5040
5054
5060
5061
5062
5087
5100
5120
5129
5140
5141
5154
5164
5173
5174
5180
5198
5202
5212
5219
5222
5228
5229
5232
5239
5247
5254
5257
5266
5268
5270
5271
5289
5291
5297
5300
5301
5305
5309
5320
5326
5328
5333
5337
5340
5341
5344
5346
5349
5358
5360
5370
5371
5375
5377
5387
5394
5397
5404
5408
5435
5436
5438
5444
5446
5449
5453
5459
5462
5466
5474
5481
5484
5487
5490
5491
5497
5500
5512
5516
5527
5530
5542
5553
5560
5561
5577
5579
5580
5582
5583
5584
5588
5600
5603
5606
5612
5618
5619
5622
5636
5641
5642
5649
5656
5663
5665
5668
5670
5675
5676
5681
5684
5685
5686
5689
5694
5695
5697
5706
5711
5717
5721
5730
5732
5733
5736
5742
5743
5744
5749
5770
5773
5777
5783
5786
5794
5797
5804
5805
5811
5812
5822
5834
5836
5841
5842
5845
5850
5857
5860
5864
5866
5876
5880
5891
5903
5907
5911
5918
5919
5925
5932
5940
5951
5957
5963
5970
5976
5993
5995
5998
6010
6013
6015
6021
6033
6035
6039
6047
6050
6058
6061
6062
6073
6074
6081
6093
6094
6098