Креветки

111
322
427
480
490
634
649
774
1022
1024
1176
1180
1204
1205
1215
1234
1329
1350
1396
1424
1482
1541
1573
1661
1796
1805
1814
1841
2029
2213
2320
2334
2367
2371
2399
2429
2446
2468
2613
2631
2654
2748
2760
2764
2835
2880
2997
3047
3109
3120
3159
3162
3212
3216
3396
3415
3489
3587
3703
3730
3751
3758
3772
4037
4064
4069
4219
4228
4249
4364
4383
4387
4499
4587
4794
4802
4834
4951
4961
5066
5084
5115
5217
5238
5245
5264
5286
5304
5311
5317
5371
5464
5524
5587
5719
5880
5930
5935
5965
6055
6064