Рубленная кинза (кориандр)

48
59
126
268
343
359
446
486
657
694
843
854
1012
1142
1210
1291
1364
1377
1391
1409
1492
1634
1646
1770
1934
1988
2015
2175
2192
2198
2206
2217
2376
2391
2524
2640
2761
2847
2905
3054
3095
3128
3142
3161
3192
3224
3247
3271
3354
3389
3398
3449
3468
3471
3473
3474
3489
3506
3519
3542
3581
3706
3837
3846
3899
3996
4039
4150
4192
4221
4229
4273
4281
4287
4303
4374
4431
4442
4578
4590
4702
4743
4746
4816
4827
4839
4866
4894
5005
5025
5059
5060
5129
5179
5191
5321
5415
5424
5527
5540
5852
5872
6016