Свежая кинза (кориандр)

155
404
467
473
489
494
509
542
594
635
712
733
817
846
885
900
919
963
976
1008
1013
1040
1078
1189
1219
1301
1302
1303
1338
1348
1404
1455
1556
1625
1656
1692
1709
1785
1824
1852
1907
1936
1946
2102
2113
2139
2200
2273
2313
2316
2389
2392
2404
2408
2425
2462
2467
2507
2525
2645
2680
2807
2951
2953
2987
3061
3077
3213
3359
3372
3378
3385
3507
3522
3537
3549
3629
3690
3726
3733
3737
3886
3887
3911
4073
4193
4217
4322
4340
4359
4403
4418
4579
4585
4591
4603
4610
4795
4804
4848
4852
4898
4968
5015
5027
5082
5103
5125
5150
5229
5246
5285
5313
5317
5360
5380
5454
5484
5514
5610
5685
5771
5800
5850
5889
5940
5943
5945
5955
5974
5986
6010
6043
6049
6050
6080