Специи

43
52
75
94
162
231
237
244
278
408
421
582
634
820
844
872
903
913
921
929
950
963
968
1061
1086
1107
1241
1271
1285
1328
1362
1407
1430
1444
1485
1576
1641
1653
1696
1808
1813
1840
1873
1879
1918
1921
1991
1992
2020
2037
2088
2267
2327
2552
2600
2683
2791
2821
2872
2907
2920
3016
3099
3115
3223
3302
3314
3319
3616
3753
3754
3758
3781
3805
3820
3879
3900
4006
4044
4112
4238
4307
4395
4398
4412
4415
4474
4521
4553
4574
4629
4778
4779
4797
4925
5161
5178
5301
5420
5448
5467
5535
5604
5626
5646
5647
5669
5724
5820
5821
5893
5986
5995
6078