Коричневый сахар

192
205
259
355
400
406
420
447
484
514
562
618
631
654
665
749
782
862
895
955
1015
1041
1064
1181
1245
1339
1401
1466
1518
1565
1595
1599
1614
1670
1677
1700
1762
1833
1915
1987
2056
2104
2114
2159
2197
2201
2280
2295
2303
2391
2425
2481
2535
2610
2635
2639
2761
2784
2856
2902
2972
3066
3241
3311
3312
3348
3349
3356
3384
3491
3521
3536
3565
3570
3573
3595
3671
3692
3773
3782
3828
3831
4011
4123
4160
4255
4281
4344
4409
4439
4625
4629
4691
4847
4902
5024
5075
5114
5129
5138
5146
5181
5294
5297
5320
5386
5391
5397
5438
5457
5460
5586
5741
5749
5750
5821
5881
5910
5924
5939
6042
6077