Сыр пармезан

25
112
122
125
254
260
315
591
626
716
744
770
828
879
880
901
907
1123
1129
1315
1326
1329
1378
1506
1541
1551
1658
1735
1743
1768
1809
1918
1998
2025
2045
2079
2125
2216
2227
2329
2332
2355
2381
2398
2414
2466
2480
2564
2574
2587
2621
2627
2694
2786
2840
2876
3049
3079
3083
3150
3257
3270
3315
3383
3422
3594
3599
3621
3703
3715
3734
3735
3736
3913
3914
4074
4078
4121
4136
4168
4245
4388
4420
4437
4458
4499
4512
4533
4646
4672
4864
4870
5009
5055
5071
5119
5166
5215
5273
5343
5456
5505
5721
5746
5765
5792
5802
5830
5884