Сладкий перец

29
46
68
76
95
98
117
121
127
148
159
162
181
188
244
274
276
277
282
290
291
295
308
359
395
411
413
427
439
444
446
448
460
470
480
524
568
569
583
601
616
625
651
663
675
687
700
729
859
860
861
912
924
928
940
963
1002
1004
1036
1040
1048
1104
1128
1149
1174
1176
1184
1215
1238
1243
1244
1247
1248
1258
1267
1294
1297
1302
1403
1418
1419
1430
1441
1448
1490
1535
1562
1596
1625
1673
1684
1687
1696
1716
1723
1756
1761
1767
1774
1788
1795
1855
1873
1885
1920
1939
1943
1971
1976
2002
2012
2050
2132
2133
2144
2163
2195
2199
2209
2242
2248
2304
2309
2348
2373
2392
2429
2493
2495
2502
2516
2525
2532
2551
2568
2575
2579
2602
2607
2628
2633
2640
2683
2715
2739
2742
2760
2764
2770
2812
2836
2840
2849
2859
2865
2925
2927
2957
2974
2995
3002
3022
3024
3050
3058
3077
3106
3123
3140
3174
3182
3222
3278
3279
3281
3373
3387
3388
3392
3406
3426
3440
3473
3484
3489
3497
3522
3554
3564
3596
3623
3641
3659
3665
3679
3682
3685
3687
3690
3712
3713
3723
3724
3725
3743
3753
3811
3833
3839
3889
3912
3929
3940
3941
4001
4036
4059
4062
4069
4077
4083
4088
4093
4098
4115
4128
4140
4142
4154
4157
4164
4173
4223
4231
4270
4288
4299
4300
4303
4333
4336
4343
4345
4383
4384
4421
4443
4446
4465
4469
4486
4538
4567
4571
4583
4601
4602
4615
4640
4658
4663
4674
4675
4677
4704
4726
4734
4735
4760
4764
4806
4809
4870
4873
4878
4897
4904
4930
5002
5023
5083
5095
5111
5134
5153
5158
5162
5184
5192
5218
5252
5271
5277
5305
5322
5329
5333
5335
5351
5370
5371
5377
5378
5393
5420
5430
5446
5459
5461
5481
5489
5491
5497
5523
5553
5564
5568
5577
5613
5622
5645
5662
5667
5697
5699
5709
5716
5726
5743
5800
5820
5834
5848
5864
5885
5902
5975
5982
5987
6058
6062
6072
6073
6084
6093