Чеснок

1
2
11
12
18
19
23
24
29
31
38
41
44
46
48
60
65
66
71
78
79
80
81
84
86
89
91
94
99
101
111
116
117
118
119
120
126
134
136
140
142
146
148
151
155
156
159
169
171
176
177
179
180
181
188
191
194
201
204
211
214
215
217
226
229
233
234
235
236
238
240
248
249
250
253
254
258
260
265
268
270
274
284
290
293
294
295
296
298
301
312
314
315
316
320
323
324
325
327
330
337
341
344
345
346
350
351
352
353
354
355
356
359
361
363
365
366
374
381
385
386
388
391
396
397
399
403
404
405
407
410
413
434
435
438
441
445
446
448
450
453
457
458
464
465
467
470
471
472
473
477
478
480
483
487
489
490
494
495
497
504
505
509
510
516
518
521
525
527
528
530
535
544
546
548
549
551
556
565
567
568
569
571
572
573
576
579
581
582
585
596
601
602
612
621
624
625
629
630
649
652
654
660
665
667
670
671
674
677
682
691
693
695
697
698
699
700
701
702
706
723
726
733
735
736
738
740
742
743
744
745
760
762
767
768
772
774
777
782
786
787
788
789
802
804
807
808
811
812
815
821
826
827
830
831
832
842
846
847
856
857
858
859
860
862
869
870
878
881
882
885
889
900
901
906
909
912
919
927
928
931
933
942
943
946
947
949
950
963
966
968
981
983
986
987
989
991
1004
1007
1008
1013
1016
1020
1021
1022
1023
1027
1028
1030
1032
1034
1038
1041
1043
1044
1046
1047
1048
1049
1055
1057
1062
1063
1066
1067
1072
1075
1076
1078
1082
1083
1087
1094
1095
1100
1104
1105
1107
1109
1111
1112
1114
1117
1123
1128
1129
1131
1135
1136
1139
1144
1146
1151
1152
1156
1163
1167
1169
1172
1174
1176
1178
1179
1183
1184
1187
1189
1190
1193
1197
1198
1200
1204
1209
1210
1212
1216
1219
1220
1224
1227
1230
1235
1243
1244
1248
1249
1251
1270
1272
1273
1279
1280
1281
1282
1285
1286
1287
1288
1293
1297
1300
1302
1303
1308
1313
1324
1326
1331
1332
1338
1347
1350
1354
1359
1362
1363
1364
1368
1381
1383
1385
1387
1388
1389
1391
1394
1395
1398
1399
1404
1407
1410
1411
1413
1416
1419
1420
1425
1426
1432
1433
1434
1436
1441
1445
1447
1450
1457
1469
1474
1479
1481
1482
1484
1485
1491
1494
1497
1499
1500
1502
1503
1506
1513
1518
1524
1527
1534
1540
1544
1549
1551
1554
1555
1556
1557
1559
1562
1563
1565
1569
1572
1573
1580
1584
1587
1588
1589
1591
1601
1604
1605
1607
1608
1613
1637
1638
1640
1644
1647
1653
1658
1660
1662
1663
1664
1669
1671
1676
1677
1678
1680
1684
1687
1690
1692
1696
1701
1702
1709
1711
1714
1717
1718
1724
1725
1728
1734
1738
1741
1744
1745
1754
1755
1759
1760
1761
1764
1765
1770
1771
1772
1774
1777
1781
1783
1784
1785
1786
1788
1790
1793
1798
1799
1801
1804
1807
1810
1814
1817
1821
1824
1834
1841
1842
1843
1844
1845
1852
1855
1857
1860
1863
1867
1870
1872
1873
1874
1877
1878
1880
1882
1885
1887
1888
1890
1892
1895
1901
1903
1906
1910
1915
1926
1927
1931
1933
1936
1939
1943
1945
1946
1948
1950
1951
1952
1955
1959
1961
1962
1963
1974
1976
1985
1987
1993
1996
1997
1998
2003
2016
2020
2025
2026
2031
2045
2047
2055
2056
2057
2062
2067
2072
2074
2078
2081
2092
2093
2098
2099
2100
2106
2107
2113
2114
2116
2119
2120
2125
2127
2129
2130
2132
2133
2135
2141
2151
2157
2158
2163
2171
2175
2177
2179
2183
2186
2189
2190
2192
2193
2194
2198
2199
2200
2204
2208
2209
2211
2212
2216
2219
2222
2223
2225
2233
2236
2238
2241
2242
2247
2251
2252
2260
2263
2264
2265
2275
2278
2279
2282
2287
2290
2291
2304
2308
2309
2311
2319
2320
2327
2329
2332
2333
2334
2335
2336
2344
2347
2349
2351
2352
2353
2367
2368
2370
2375
2376
2378
2379
2380
2382
2383
2384
2387
2390
2392
2399
2400
2401
2408
2409
2410
2414
2415
2417
2419
2423
2425
2427
2429
2430
2435
2443
2444
2448
2451
2452
2453
2454
2455
2456
2461
2466
2469
2473
2475
2482
2489
2494
2497
2499
2501
2502
2511
2512
2513
2515
2519
2521
2523
2529
2532
2534
2536
2540
2547
2550
2551
2552
2555
2557
2558
2561
2565
2570
2574
2576
2577
2579
2584
2594
2601
2602
2603
2604
2610
2615
2620
2623
2624
2627
2630
2637
2645
2646
2652
2657
2659
2660
2661
2665
2666
2673
2674
2675
2678
2680
2681
2682
2683
2684
2685
2689
2692
2705
2706
2708
2714
2715
2718
2720
2721
2735
2736
2737
2738
2739
2740
2741
2742
2747
2756
2759
2761
2762
2765
2767
2770
2772
2774
2775
2776
2779
2781
2782
2783
2784
2786
2787
2790
2793
2796
2800
2801
2803
2805
2807
2808
2809
2814
2816
2820
2821
2823
2826
2829
2832
2835
2837
2840
2841
2844
2850
2852
2853
2854
2857
2859
2862
2865
2866
2870
2873
2875
2878
2880
2884
2885
2890
2891
2895
2898
2903
2904
2911
2916
2920
2921
2922
2927
2929
2931
2933
2938
2939
2940
2948
2951
2952
2953
2955
2956
2957
2959
2961
2963
2966
2971
2980
2981
2987
2989
2990
2992
3001
3002
3009
3013
3014
3015
3016
3017
3021
3022
3023
3024
3027
3030
3031
3032
3034
3035
3038
3042
3048
3050
3051
3056
3057
3058
3061
3065
3066
3068
3069
3070
3073
3074
3077
3079
3088
3093
3094
3095
3098
3106
3109
3110
3114
3125
3128
3134
3140
3142
3146
3148
3149
3164
3169
3171
3172
3175
3180
3188
3189
3193
3197
3204
3210
3213
3214
3216
3218
3220
3222
3223
3224
3228
3231
3234
3235
3246
3254
3255
3256
3257
3260
3266
3270
3274
3276
3279
3281
3286
3289
3292
3296
3299
3303
3306
3307
3309
3313
3314
3316
3325
3327
3330
3335
3336
3338
3344
3351
3353
3359
3364
3368
3369
3374
3376
3378
3380
3382
3383
3385
3386
3388
3392
3395
3397
3398
3399
3402
3403
3404
3406
3411
3412
3416
3422
3424
3426
3428
3430
3431
3434
3437
3438
3440
3452
3454
3455
3460
3464
3466
3471
3473
3478
3483
3486
3489
3496
3497
3503
3504
3510
3511
3513
3518
3519
3520
3526
3534
3537
3540
3542
3545
3547
3549
3553
3554
3561
3565
3571
3572
3577
3578
3580
3581
3582
3584
3588
3591
3593
3597
3598
3604
3607
3608
3609
3614
3615
3619
3621
3623
3626
3629
3632
3633
3637
3638
3639
3640
3641
3644
3652
3653
3659
3664
3668
3671
3677
3679
3694
3697
3698
3701
3703
3705
3706
3707
3709
3713
3715
3719
3723
3724
3725
3733
3736
3742
3743
3744
3746
3748
3750
3751
3756
3758
3760
3765
3766
3768
3771
3787
3789
3790
3793
3798
3799
3804
3811
3815
3819
3821
3827
3829
3830
3832
3837
3840
3845
3849
3856
3858
3859
3860
3861
3864
3866
3879
3882
3887
3888
3893
3900
3904
3907
3910
3911
3912
3913
3914
3915
3924
3929
3941
3942
3944
3946
3948
3949
3951
3955
3960
3962
3964
3967
3969
3972
3981
3985
3990
3991
3996
4001
4002
4004
4008
4017
4027
4028
4039
4043
4045
4046
4051
4053
4059
4062
4063
4068
4069
4073
4074
4075
4076
4077
4078
4080
4089
4091
4092
4095
4097
4098
4100
4102
4109
4110
4115
4116
4118
4119
4120
4122
4123
4125
4129
4130
4143
4144
4146
4148
4161
4162
4165
4173
4177
4180
4191
4193
4195
4196
4197
4206
4208
4209
4212
4214
4226
4230
4240
4249
4261
4263
4266
4268
4271
4272
4273
4277
4286
4287
4293
4298
4303
4309
4310
4311
4312
4313
4315
4316
4326
4331
4333
4340
4343
4344
4345
4347
4352
4355
4356
4359
4362
4363
4364
4368
4369
4371
4372
4373
4378
4380
4384
4387
4388
4393
4394
4398
4400
4402
4404
4405
4412
4413
4420
4421
4426
4429
4430
4431
4434
4435
4437
4438
4441
4450
4455
4456
4458
4465
4467
4477
4478
4480
4483
4485
4486
4487
4492
4493
4495
4496
4499
4502
4507
4509
4510
4511
4519
4521
4525
4529
4530
4532
4537
4541
4550
4551
4559
4561
4562
4563
4566
4567
4575
4576
4579
4580
4581
4584
4586
4587
4589
4591
4595
4597
4599
4600
4602
4604
4605
4610
4611
4613
4614
4615
4616
4620
4621
4624
4625
4639
4640
4643
4644
4646
4648
4656
4660
4663
4672
4673
4674
4679
4681
4683
4688
4689
4690
4692
4693
4699
4700
4704
4711
4718
4722
4730
4733
4734
4738
4746
4748
4749
4757
4764
4770
4776
4784
4785
4786
4787
4792
4793
4794
4795
4799
4801
4802
4804
4805
4823
4824
4830
4838
4839
4842
4843
4848
4849
4851
4852
4853
4857
4870
4872
4886
4887
4888
4892
4894
4895
4896
4898
4900
4904
4907
4916
4919
4920
4922
4924
4930
4936
4939
4950
4951
4952
4953
4961
4962
4963
4968
4970
4971
4976
4979
4981
4983
4985
4989
4992
4998
4999
5011
5014
5019
5025
5026
5040
5043
5044
5047
5051
5052
5053
5055
5057
5059
5060
5062
5065
5067
5068
5069
5070
5073
5079
5083
5084
5086
5089
5092
5095
5097
5099
5100
5101
5109
5110
5111
5112
5116
5118
5120
5124
5132
5133
5140
5147
5150
5151
5152
5153
5155
5160
5161
5162
5164
5167
5169
5172
5173
5179
5190
5193
5194
5198
5201
5203
5215
5217
5219
5220
5221
5227
5236
5237
5238
5239
5240
5242
5245
5246
5252
5265
5268
5270
5271
5273
5275
5276
5278
5282
5284
5285
5286
5290
5293
5295
5303
5304
5305
5308
5313
5314
5315
5316
5321
5322
5333
5334
5335
5336
5337
5339
5342
5343
5351
5360
5362
5367
5369
5370
5371
5374
5383
5386
5388
5390
5397
5399
5406
5408
5414
5416
5421
5423
5424
5425
5427
5429
5430
5432
5436
5437
5450
5451
5453
5455
5462
5466
5467
5468
5472
5481
5484
5487
5490
5491
5492
5493
5497
5498
5499
5507
5511
5514
5516
5523
5526
5527
5537
5545
5546
5547
5551
5553
5554
5555
5558
5559
5560
5561
5564
5567
5570
5571
5572
5575
5577
5582
5585
5586
5590
5593
5597
5600
5607
5610
5611
5612
5613
5614
5616
5619
5627
5628
5635
5636
5641
5652
5653
5655
5660
5662
5665
5666
5667
5668
5669
5670
5680
5686
5690
5693
5699
5701
5704
5706
5707
5716
5717
5718
5719
5723
5725
5726
5731
5735
5736
5737
5738
5742
5743
5744
5748
5749
5751
5763
5769
5771
5772
5783
5784
5787
5789
5790
5792
5800
5802
5803
5809
5812
5817
5824
5826
5827
5848
5855
5856
5857
5860
5861
5863
5865
5866
5870
5871
5872
5875
5876
5879
5881
5882
5883
5885
5889
5895
5896
5901
5913
5917
5919
5920
5924
5926
5937
5940
5942
5943
5945
5947
5948
5949
5950
5955
5956
5957
5958
5959
5963
5973
5978
5981
5985
5986
5987
5990
5994
5995
6000
6001
6005
6010
6013
6014
6016
6019
6025
6027
6033
6036
6041
6047
6049
6050
6051
6053
6056
6061
6062
6064
6065
6067
6068
6070
6071
6074
6077
6078
6081
6088
6092
6094
6097
6099
6101
6103