Красный сладкий перец

51
261
301
405
428
534
538
565
576
585
661
698
738
774
845
860
862
914
946
976
983
1017
1035
1037
1050
1057
1077
1083
1121
1125
1279
1346
1350
1364
1377
1395
1396
1474
1509
1587
1635
1638
1669
1755
1786
1810
1876
1921
1961
1990
2094
2099
2112
2186
2192
2198
2241
2307
2327
2376
2391
2432
2455
2470
2595
2623
2653
2673
2719
2747
2772
2803
2825
2841
2945
2955
2980
3001
3017
3089
3169
3224
3246
3256
3303
3364
3382
3428
3466
3500
3539
3593
3726
3748
3754
3785
3790
3819
3862
3879
3899
3932
3935
3991
4010
4123
4136
4192
4281
4287
4312
4322
4340
4399
4409
4461
4507
4510
4549
4560
4597
4619
4647
4648
4670
4698
4713
4722
4792
4820
4851
4929
4968
5040
5048
5059
5070
5086
5112
5126
5183
5196
5219
5261
5315
5352
5386
5399
5451
5483
5499
5511
5530
5547
5561
5585
5587
5642
5657
5710
5790
5803
5872
5879
6020
6043
6055
6077
6092