Помидоры

53
58
59
64
66
71
81
86
98
103
116
117
134
149
162
171
188
191
193
206
214
226
227
232
237
248
251
258
261
268
269
276
279
290
299
300
301
312
325
327
331
333
352
359
361
363
368
384
388
394
413
427
434
439
444
457
462
470
472
480
485
497
504
507
523
526
527
529
538
556
568
569
571
576
577
578
585
586
596
624
625
642
651
654
658
664
675
682
702
724
729
733
742
755
785
793
798
821
825
832
835
845
847
857
878
881
896
901
904
910
911
913
914
920
928
929
930
944
946
963
971
975
983
989
993
1004
1007
1013
1028
1029
1030
1035
1040
1048
1050
1051
1055
1057
1081
1107
1108
1116
1128
1130
1131
1132
1134
1135
1176
1177
1183
1184
1193
1216
1219
1224
1228
1235
1243
1247
1248
1253
1258
1266
1267
1281
1297
1306
1335
1349
1350
1359
1363
1372
1373
1379
1387
1395
1400
1407
1413
1416
1418
1419
1425
1426
1430
1434
1448
1456
1475
1479
1484
1492
1494
1505
1506
1517
1521
1523
1524
1525
1527
1535
1541
1552
1554
1555
1561
1562
1573
1603
1611
1612
1630
1641
1647
1654
1661
1663
1665
1671
1687
1696
1697
1702
1715
1721
1728
1756
1758
1761
1774
1786
1788
1793
1794
1801
1807
1811
1817
1827
1844
1852
1878
1885
1888
1897
1899
1903
1920
1931
1934
1935
1939
1949
1951
1961
1971
1973
1990
2004
2006
2012
2051
2055
2059
2075
2093
2113
2132
2133
2144
2148
2151
2152
2157
2165
2170
2185
2187
2192
2194
2199
2200
2213
2219
2240
2264
2265
2268
2269
2276
2286
2288
2299
2307
2309
2319
2320
2328
2334
2343
2344
2348
2367
2368
2371
2373
2379
2381
2392
2395
2399
2408
2419
2421
2428
2435
2448
2452
2453
2466
2482
2493
2502
2515
2525
2526
2532
2552
2555
2556
2558
2575
2577
2578
2579
2602
2604
2607
2611
2631
2644
2651
2652
2667
2673
2682
2683
2686
2697
2715
2727
2739
2741
2759
2769
2770
2772
2779
2782
2783
2797
2803
2808
2812
2813
2814
2818
2827
2835
2838
2840
2841
2858
2903
2920
2924
2938
2957
2980
2981
2986
2993
2994
2999
3002
3017
3020
3028
3034
3035
3036
3038
3047
3051
3056
3061
3077
3093
3099
3106
3115
3120
3128
3142
3146
3150
3189
3197
3212
3214
3225
3228
3266
3270
3278
3279
3285
3302
3303
3306
3309
3315
3336
3337
3362
3364
3368
3378
3385
3388
3395
3398
3401
3411
3412
3416
3421
3468
3490
3500
3506
3507
3511
3540
3554
3558
3564
3565
3568
3577
3584
3587
3593
3596
3597
3598
3603
3608
3619
3623
3629
3631
3640
3645
3652
3653
3654
3669
3672
3687
3690
3697
3706
3708
3712
3713
3717
3725
3726
3727
3737
3748
3754
3766
3767
3774
3788
3798
3811
3819
3833
3845
3846
3873
3877
3893
3912
3929
3936
3941
3946
3951
3955
3960
3972
3985
3986
3995
4001
4008
4017
4027
4031
4033
4035
4036
4037
4044
4052
4061
4062
4070
4074
4078
4098
4102
4118
4119
4123
4130
4136
4140
4146
4157
4162
4167
4204
4226
4240
4275
4277
4279
4284
4288
4293
4299
4303
4310
4311
4317
4321
4336
4340
4349
4364
4372
4373
4376
4402
4403
4411
4413
4420
4437
4438
4442
4443
4450
4455
4465
4469
4478
4483
4487
4493
4509
4510
4528
4560
4562
4567
4571
4574
4576
4582
4590
4597
4604
4615
4626
4645
4646
4653
4654
4674
4683
4686
4690
4693
4700
4715
4722
4725
4726
4757
4764
4768
4782
4828
4839
4845
4852
4853
4860
4866
4878
4892
4904
4924
4930
4936
4960
4962
4969
5001
5029
5033
5039
5043
5059
5070
5082
5083
5084
5092
5097
5100
5111
5116
5130
5132
5147
5151
5169
5170
5184
5191
5201
5207
5217
5218
5236
5240
5252
5254
5261
5279
5284
5290
5297
5302
5305
5313
5315
5322
5330
5335
5352
5370
5372
5399
5407
5418
5420
5427
5432
5436
5439
5446
5450
5451
5455
5463
5481
5491
5492
5516
5520
5523
5524
5537
5547
5553
5562
5564
5570
5571
5572
5582
5585
5589
5597
5601
5610
5611
5612
5619
5635
5638
5642
5643
5645
5657
5660
5663
5669
5688
5690
5697
5716
5719
5723
5729
5736
5739
5743
5758
5772
5775
5781
5785
5808
5820
5824
5840
5848
5857
5866
5872
5889
5894
5902
5919
5926
5929
5943
5952
5962
5963
5973
5975
5982
5985
5987
6000
6023
6024
6043
6051
6053
6056
6062
6073
6078
6084
6087
6091
6092
6099