Перец чили

48
60
84
93
101
165
206
226
230
292
346
359
365
373
385
405
413
426
442
448
465
472
510
544
570
572
573
576
579
584
602
614
654
658
665
694
699
747
793
817
823
831
860
862
885
904
911
924
938
963
991
1012
1021
1041
1046
1077
1083
1100
1116
1149
1174
1189
1193
1204
1205
1234
1244
1258
1259
1297
1306
1356
1358
1385
1395
1399
1425
1441
1444
1469
1524
1530
1556
1563
1573
1580
1634
1647
1673
1755
1763
1770
1772
1773
1785
1793
1804
1823
1834
1873
1885
1901
1910
1919
1921
1946
1955
1971
1988
1995
2031
2052
2085
2101
2153
2163
2199
2225
2231
2264
2285
2287
2290
2309
2364
2428
2462
2507
2602
2604
2620
2629
2658
2659
2660
2684
2730
2735
2739
2762
2785
2786
2829
2865
2870
2981
2989
3004
3005
3014
3017
3021
3034
3038
3049
3072
3093
3120
3149
3212
3213
3215
3269
3271
3306
3313
3320
3336
3440
3466
3509
3537
3542
3596
3598
3671
3723
3726
3744
3759
3794
3886
3924
3941
3946
3985
3998
4066
4073
4075
4083
4123
4146
4153
4154
4195
4215
4231
4273
4303
4321
4344
4369
4384
4411
4467
4487
4555
4557
4560
4589
4595
4615
4656
4670
4674
4798
4802
4806
4838
4977
4985
5019
5027
5046
5047
5051
5080
5101
5102
5110
5111
5146
5194
5200
5209
5270
5285
5286
5297
5298
5313
5321
5337
5358
5370
5393
5415
5446
5464
5474
5483
5490
5530
5545
5546
5551
5568
5581
5610
5612
5635
5641
5668
5684
5685
5697
5749
5758
5763
5819
5913
5928
5939
5940
5945
5955
5982
5983
5985
6019
6043
6047
6056
6058
6092