Оливковое масло

8
11
12
15
19
23
26
29
33
46
56
58
60
65
66
74
80
82
84
94
98
100
101
107
118
121
125
129
134
139
140
141
144
148
156
158
160
161
166
168
169
171
181
185
186
201
202
206
212
213
214
215
217
219
226
236
238
244
246
258
260
263
268
271
272
290
292
293
300
301
304
309
313
315
324
327
332
352
356
363
366
372
374
377
383
385
386
387
388
391
397
402
413
417
421
427
428
432
436
442
445
450
457
459
460
461
470
471
472
479
480
481
483
489
490
492
497
500
504
510
511
516
517
518
521
526
529
546
567
568
581
582
595
596
602
605
606
616
621
627
628
641
642
660
678
681
691
693
694
698
699
701
702
711
717
736
762
767
768
773
774
785
789
794
796
798
804
811
825
828
831
834
839
840
842
844
845
847
857
862
867
879
880
883
889
890
893
896
897
900
901
903
905
907
910
918
925
928
931
939
940
947
952
956
968
971
972
974
976
979
983
989
990
992
994
996
999
1002
1004
1011
1013
1022
1027
1032
1034
1042
1049
1050
1055
1059
1076
1082
1086
1093
1094
1104
1109
1112
1114
1117
1123
1125
1129
1134
1138
1139
1142
1155
1157
1163
1167
1176
1183
1187
1197
1199
1205
1211
1215
1220
1224
1227
1231
1235
1237
1238
1247
1248
1249
1254
1258
1261
1264
1265
1268
1270
1281
1282
1284
1300
1301
1306
1312
1326
1329
1343
1349
1350
1357
1360
1362
1365
1368
1372
1373
1378
1381
1387
1388
1403
1410
1411
1413
1416
1418
1419
1422
1425
1430
1432
1436
1438
1441
1450
1454
1458
1469
1482
1485
1490
1491
1493
1501
1504
1505
1506
1521
1524
1525
1527
1531
1549
1551
1557
1563
1564
1572
1573
1587
1591
1593
1597
1605
1611
1626
1630
1634
1646
1655
1656
1662
1663
1667
1669
1673
1676
1686
1687
1690
1698
1699
1701
1702
1709
1715
1717
1722
1725
1735
1743
1747
1760
1761
1768
1771
1772
1775
1780
1783
1784
1786
1787
1788
1791
1794
1795
1798
1802
1803
1804
1809
1817
1832
1834
1836
1842
1849
1857
1860
1863
1866
1870
1874
1880
1882
1896
1910
1911
1914
1918
1920
1925
1928
1933
1952
1956
1963
1974
1976
1985
1988
1990
1992
1997
1998
2015
2016
2045
2049
2062
2068
2069
2075
2078
2083
2087
2099
2107
2112
2116
2119
2120
2125
2127
2128
2135
2137
2138
2144
2147
2148
2153
2157
2158
2163
2176
2177
2181
2187
2192
2209
2216
2219
2231
2236
2238
2240
2246
2248
2252
2259
2260
2261
2265
2267
2275
2277
2279
2282
2288
2292
2298
2309
2311
2313
2316
2318
2319
2329
2330
2332
2333
2337
2341
2344
2345
2347
2352
2364
2367
2368
2369
2370
2376
2381
2383
2385
2387
2389
2390
2395
2397
2399
2400
2410
2414
2419
2425
2429
2436
2444
2453
2458
2466
2470
2480
2509
2519
2523
2524
2534
2537
2538
2540
2551
2555
2558
2559
2574
2580
2584
2587
2592
2594
2601
2608
2620
2623
2627
2631
2647
2654
2655
2657
2659
2661
2668
2674
2678
2683
2686
2699
2702
2704
2706
2708
2718
2726
2727
2739
2740
2747
2753
2759
2762
2763
2764
2767
2772
2775
2776
2779
2782
2783
2785
2786
2801
2803
2805
2808
2810
2812
2818
2822
2825
2835
2837
2838
2840
2843
2844
2862
2877
2878
2882
2885
2886
2893
2898
2900
2904
2911
2914
2915
2921
2925
2936
2938
2945
2956
2957
2958
2961
2971
2980
2986
2989
2991
2994
3021
3022
3023
3031
3032
3036
3048
3049
3051
3054
3055
3056
3079
3081
3083
3085
3089
3091
3094
3108
3109
3110
3111
3136
3140
3147
3148
3151
3159
3161
3167
3169
3180
3188
3203
3207
3211
3214
3216
3224
3229
3231
3234
3237
3239
3243
3247
3249
3252
3254
3256
3257
3266
3268
3269
3274
3275
3279
3281
3285
3286
3296
3297
3304
3307
3309
3321
3323
3337
3338
3343
3347
3353
3364
3365
3368
3369
3379
3380
3382
3383
3387
3388
3392
3399
3402
3404
3411
3422
3431
3435
3437
3439
3441
3455
3457
3466
3468
3471
3475
3476
3486
3490
3497
3500
3503
3504
3513
3526
3532
3545
3546
3550
3554
3556
3558
3565
3568
3574
3577
3578
3590
3591
3593
3595
3597
3599
3600
3602
3603
3607
3608
3617
3618
3621
3626
3629
3630
3633
3635
3638
3641
3659
3664
3668
3671
3697
3699
3703
3706
3707
3709
3712
3713
3721
3722
3723
3725
3736
3744
3748
3751
3766
3768
3771
3775
3780
3783
3784
3792
3793
3795
3799
3803
3816
3819
3821
3846
3859
3861
3886
3888
3893
3895
3900
3902
3905
3912
3913
3914
3928
3940
3948
3951
3958
3963
3973
3982
3994
3995
3996
3997
4001
4002
4004
4008
4010
4017
4031
4036
4042
4044
4045
4046
4048
4049
4054
4057
4058
4062
4063
4065
4068
4069
4070
4074
4075
4076
4077
4078
4083
4084
4091
4093
4095
4096
4098
4100
4103
4107
4110
4113
4114
4118
4119
4121
4123
4143
4144
4146
4150
4152
4156
4161
4162
4164
4167
4168
4173
4175
4176
4182
4188
4192
4193
4194
4195
4196
4205
4208
4209
4226
4229
4230
4231
4238
4241
4245
4247
4249
4252
4261
4262
4263
4267
4271
4279
4286
4287
4293
4303
4310
4311
4315
4316
4317
4320
4321
4324
4329
4341
4349
4364
4377
4378
4381
4387
4388
4393
4400
4404
4412
4413
4418
4434
4437
4440
4455
4458
4465
4467
4485
4487
4488
4491
4499
4501
4505
4507
4510
4512
4515
4521
4525
4526
4530
4533
4535
4537
4541
4546
4548
4549
4550
4563
4571
4582
4587
4600
4602
4604
4607
4608
4611
4618
4620
4625
4629
4634
4635
4637
4646
4647
4648
4653
4659
4660
4667
4670
4676
4678
4681
4686
4688
4692
4695
4696
4706
4718
4735
4741
4749
4750
4753
4761
4768
4771
4782
4783
4792
4794
4795
4801
4802
4803
4816
4822
4826
4842
4846
4851
4857
4858
4860
4867
4869
4870
4877
4878
4881
4895
4896
4897
4900
4901
4904
4923
4934
4936
4942
4943
4944
4950
4952
4953
4962
4970
4979
4981
4982
4983
4990
4996
4997
5008
5009
5010
5013
5014
5022
5024
5026
5047
5049
5051
5052
5055
5058
5062
5066
5068
5069
5070
5071
5073
5077
5083
5084
5086
5092
5095
5098
5099
5101
5110
5111
5112
5113
5115
5116
5119
5126
5133
5144
5153
5160
5165
5170
5171
5175
5179
5184
5187
5188
5192
5193
5194
5210
5213
5215
5224
5225
5226
5227
5236
5237
5238
5240
5242
5245
5256
5258
5263
5273
5275
5279
5284
5286
5290
5296
5302
5304
5313
5315
5321
5322
5332
5342
5343
5351
5352
5354
5364
5367
5374
5382
5383
5386
5392
5395
5398
5399
5403
5411
5414
5421
5423
5426
5429
5430
5437
5439
5450
5451
5456
5472
5476
5479
5486
5492
5495
5505
5511
5513
5514
5517
5521
5522
5525
5529
5533
5534
5541
5546
5547
5548
5551
5554
5555
5559
5570
5572
5575
5576
5578
5585
5587
5589
5591
5594
5607
5611
5615
5616
5620
5621
5623
5628
5643
5666
5667
5669
5688
5690
5692
5693
5699
5701
5703
5712
5718
5719
5723
5725
5729
5731
5737
5738
5739
5745
5746
5748
5758
5759
5766
5768
5771
5785
5787
5789
5790
5791
5792
5795
5801
5802
5803
5807
5810
5816
5821
5824
5827
5848
5855
5856
5865
5869
5870
5872
5878
5879
5881
5889
5898
5917
5926
5937
5939
5942
5943
5955
5958
5973
5975
5986
5987
5991
5994
5999
6011
6016
6018
6020
6026
6028
6029
6038
6041
6043
6048
6064
6071
6080
6082
6097
6100