Λΰιμ

1
17
59
60
142
180
326
329
347
373
426
455
504
509
526
579
628
639
667
813
817
831
850
877
898
924
946
991
1106
1174
1210
1219
1220
1269
1364
1391
1405
1430
1487
1601
1608
1654
1670
1713
1771
1781
1836
1881
1923
1945
1959
1973
1979
2175
2190
2194
2296
2310
2335
2351
2364
2367
2370
2380
2391
2417
2451
2505
2570
2660
2676
2680
2687
2784
2786
2806
2880
2887
2905
2911
2992
3068
3084
3089
3159
3172
3204
3210
3212
3303
3370
3372
3395
3516
3522
3532
3590
3618
3644
3706
3717
3770
3837
3850
3852
3887
3911
3912
3936
3938
3940
3946
4019
4035
4094
4154
4174
4195
4211
4271
4281
4313
4317
4325
4326
4346
4376
4381
4402
4454
4455
4498
4505
4521
4548
4557
4564
4637
4696
4748
4832
4842
4856
4866
4881
4946
4977
5011
5015
5102
5167
5246
5252
5327
5349
5365
5368
5415
5417
5438
5468
5546
5555
5560
5582
5602
5619
5685
5696
5801
5819
5822
5866
5928
5930
5940
5945
5969
5983
6010
6047
6050
6061
6096
6103