Апельсины

1
2
70
141
157
238
257
267
287
288
310
365
373
456
470
471
492
730
746
840
1211
1218
1230
1239
1305
1364
1372
1380
1453
1462
1468
1477
1533
1576
1594
1635
1657
1695
1737
1762
1837
1865
1919
2015
2063
2095
2109
2121
2187
2232
2259
2516
2543
2588
2632
2638
2668
2710
2748
2816
3003
3006
3053
3065
3105
3134
3135
3268
3445
3450
3462
3575
3624
3634
3693
3905
3969
4025
4034
4159
4221
4334
4389
4396
4406
4416
4454
4498
4524
4569
4671
4746
4748
4767
4771
4776
4793
4802
4880
4937
5037
5127
5169
5255
5384
5392
5400
5415
5457
5473
5495
5555
5678
5701
5825
5862
5869
5912
6038