Сода

37
47
92
96
97
182
195
218
220
221
256
266
318
336
400
593
608
625
671
672
680
689
715
718
719
725
739
749
860
866
875
917
940
961
1090
1101
1141
1153
1191
1203
1214
1236
1323
1360
1367
1370
1423
1437
1451
1476
1519
1529
1579
1617
1714
1719
1729
1736
1740
1812
1833
1972
2035
2047
2061
2117
2143
2188
2202
2210
2250
2259
2284
2350
2362
2365
2459
2490
2503
2543
2554
2566
2612
2745
2824
2863
2897
2902
2903
2942
3011
3015
3044
3112
3165
3194
3195
3219
3253
3264
3271
3287
3288
3436
3453
3465
3512
3552
3589
3605
3630
3657
3683
3689
3762
3808
3814
3817
3818
3824
3826
3848
3854
3872
3878
3961
4026
4081
4145
4151
4198
4202
4251
4278
4323
4328
4332
4351
4391
4472
4523
4594
4657
4665
4669
4697
4717
4846
4862
4957
4964
5056
5223
5244
5267
5319
5331
5345
5441
5541
5603
5627
5690
5740
5745
5780
5811
5815
5816
5842
5843
5847
5953
5970
5988
5998
6017
6025
6063