Лимон

2
10
19
20
26
29
34
84
90
93
138
216
219
238
242
248
249
279
327
352
357
368
384
386
392
421
422
470
501
507
519
544
573
601
621
627
645
658
691
697
701
704
745
747
769
778
794
809
811
821
831
836
844
857
912
939
960
968
1004
1015
1019
1021
1024
1034
1035
1056
1094
1103
1109
1124
1136
1152
1170
1176
1178
1215
1228
1231
1242
1263
1272
1356
1368
1408
1410
1447
1448
1450
1489
1526
1532
1545
1549
1564
1605
1611
1615
1635
1637
1643
1659
1681
1695
1698
1704
1728
1738
1747
1751
1761
1775
1780
1791
1798
1804
1806
1834
1835
1837
1854
1855
1857
1866
1870
1889
1911
1923
1930
1943
1968
1978
1979
2055
2075
2095
2120
2125
2153
2173
2181
2184
2207
2216
2221
2222
2229
2237
2252
2276
2288
2305
2311
2364
2389
2394
2397
2399
2420
2424
2444
2464
2467
2488
2501
2505
2559
2567
2599
2608
2631
2636
2658
2659
2706
2722
2728
2772
2802
2865
2869
2885
2899
2961
2963
2965
2968
2987
2994
3003
3036
3054
3060
3098
3102
3132
3167
3183
3184
3208
3216
3259
3262
3268
3282
3288
3312
3318
3321
3337
3341
3351
3352
3371
3379
3392
3399
3404
3428
3441
3443
3457
3470
3480
3489
3500
3546
3558
3586
3593
3634
3659
3664
3674
3693
3709
3721
3740
3780
3786
3795
3798
3801
3804
3810
3817
3855
3860
3861
3888
3904
3914
3916
3937
3953
3954
3958
3984
3987
3993
4002
4004
4012
4049
4066
4076
4077
4084
4087
4119
4121
4138
4160
4161
4171
4179
4188
4201
4223
4274
4303
4306
4316
4320
4324
4327
4348
4349
4356
4388
4389
4404
4441
4454
4456
4458
4510
4564
4584
4616
4627
4656
4660
4718
4740
4741
4760
4799
4810
4822
4830
4867
4880
4903
4937
4938
4950
4951
4955
4967
4981
4989
4996
5000
5009
5010
5016
5020
5047
5051
5055
5065
5066
5080
5111
5144
5145
5157
5165
5168
5171
5188
5189
5190
5194
5204
5206
5215
5242
5264
5267
5274
5361
5363
5392
5405
5429
5436
5450
5484
5522
5525
5583
5593
5632
5673
5687
5695
5701
5725
5775
5783
5788
5820
5825
5896
5936
5942
5943
5947
5959
5960
6017
6021
6027
6081
6088