яблоко

0
35
37
60
78
167
216
279
299
364
365
484
493
496
500
540
604
696
719
795
810
853
945
960
969
988
995
1103
1156
1256
1283
1296
1307
1336
1361
1415
1418
1468
1616
1623
1645
1648
1720
1740
1838
1869
1876
1893
1896
1933
1975
2048
2140
2167
2205
2243
2262
2274
2395
2464
2543
2583
2593
2597
2622
2668
2717
2725
2851
2867
2868
2928
2954
3067
3086
3261
3268
3298
3337
3417
3420
3451
3492
3493
3501
3521
3524
3555
3557
3560
3612
3624
3628
3630
3727
3729
3800
3811
3814
3891
3915
3926
3968
4013
4041
4128
4145
4265
4314
4334
4573
4577
4606
4686
4689
4709
4765
4815
4862
4902
4937
5041
5167
5256
5271
5272
5389
5405
5409
5415
5441
5556
5566
5603
5634
5717
5779
5780
5839
5856
5960
5988
6066
6102