Помидоры черри

11
19
60
129
151
168
292
306
320
337
381
494
518
595
611
612
616
660
717
834
840
863
951
1014
1038
1042
1062
1129
1138
1187
1280
1282
1312
1329
1368
1452
1457
1469
1507
1509
1541
1589
1608
1660
1698
1726
1732
1750
1768
1836
2054
2062
2083
2130
2132
2162
2163
2277
2285
2304
2332
2341
2357
2369
2458
2551
2764
2788
2925
2937
2961
3049
3079
3091
3123
3125
3148
3210
3242
3297
3339
3405
3504
3561
3574
3591
3618
3621
3651
3666
3734
3755
3780
3860
3905
3907
3958
4069
4083
4086
4110
4118
4154
4194
4215
4231
4235
4387
4429
4465
4477
4488
4507
4637
4660
4729
4736
4784
4816
4832
4843
4897
4915
4922
4961
4983
5022
5126
5165
5183
5195
5210
5224
5321
5342
5362
5369
5392
5489
5499
5548
5551
5582
5606
5746
5748
5749
5792
5801
5848
5869
5873
5884
5931
5939
5947
6064
6100