Свежемолотый черный перец

44
74
122
123
126
189
197
203
233
236
273
301
307
372
382
405
417
512
607
645
660
682
699
783
868
893
894
970
985
996
1000
1049
1063
1096
1169
1177
1210
1212
1223
1224
1254
1266
1279
1314
1354
1432
1433
1447
1457
1462
1472
1543
1614
1692
1724
1738
1850
1876
1895
1904
1912
1922
1974
1976
1993
2000
2027
2056
2066
2097
2172
2187
2190
2193
2201
2240
2265
2311
2325
2337
2359
2363
2378
2416
2426
2443
2456
2471
2494
2524
2533
2567
2605
2606
2627
2723
2734
2743
2747
2748
2774
2781
2803
2809
2816
2822
2861
2888
2900
2929
2954
2956
3019
3027
3051
3059
3066
3070
3093
3109
3136
3196
3255
3329
3333
3335
3347
3353
3362
3374
3387
3401
3409
3438
3449
3468
3486
3506
3519
3526
3607
3717
3721
3751
3829
3832
3840
3915
3937
3957
3982
3991
4021
4039
4113
4176
4182
4209
4261
4370
4382
4394
4410
4473
4516
4531
4569
4613
4621
4681
4699
4744
4746
4752
4805
4816
4819
4825
4842
4907
4908
4916
4929
4932
4959
4981
4983
4998
5010
5025
5074
5089
5098
5108
5109
5114
5167
5212
5248
5278
5279
5293
5297
5314
5336
5362
5369
5411
5445
5456
5480
5495
5507
5540
5555
5666
5689
5712
5764
5808
5814
5818
5826
5827
5861
5863
5886
5990
6023
6026