Зелень

21
35
49
68
76
81
112
133
156
178
181
227
228
236
252
360
396
472
507
527
624
638
648
672
724
755
757
802
810
835
844
845
943
975
1007
1020
1038
1076
1083
1084
1105
1115
1130
1132
1157
1173
1185
1192
1193
1202
1206
1244
1249
1251
1267
1269
1287
1293
1295
1297
1305
1308
1321
1331
1359
1379
1417
1418
1420
1445
1459
1484
1508
1547
1552
1555
1561
1590
1600
1620
1641
1665
1671
1697
1714
1795
1821
1885
1888
1935
1939
2006
2012
2038
2090
2098
2124
2132
2141
2152
2171
2248
2343
2361
2366
2407
2421
2445
2461
2497
2528
2549
2572
2575
2607
2652
2673
2751
2797
2813
2857
2860
2869
2918
2934
2945
2957
3007
3016
3022
3047
3051
3073
3082
3114
3115
3118
3121
3141
3152
3173
3174
3185
3189
3291
3301
3315
3324
3328
3334
3353
3432
3564
3576
3580
3620
3623
3672
3716
3719
3750
3758
3768
3789
3805
3807
3812
3836
3845
3866
3879
3990
3995
4006
4040
4062
4090
4095
4098
4142
4164
4177
4188
4277
4304
4368
4393
4400
4421
4426
4443
4477
4484
4534
4543
4562
4627
4635
4703
4708
4757
4760
4773
4819
4824
4861
4919
4957
5009
5028
5033
5039
5045
5083
5085
5095
5130
5148
5178
5213
5218
5222
5235
5291
5300
5366
5467
5536
5553
5562
5571
5646
5657
5669
5673
5700
5716
5724
5735
5785
5840
5868
5929
5963
5989
5999
6025
6055
6101