Куркума

9
250
266
333
346
388
441
505
563
635
639
733
821
882
930
991
1253
1321
1334
1340
1350
1363
1372
1393
1395
1475
1508
1563
1692
1724
1739
1754
1764
1781
1812
1823
1891
1899
1927
2006
2055
2165
2166
2231
2242
2247
2273
2287
2347
2361
2417
2440
2482
2515
2549
2563
2604
2615
2737
2738
2787
2820
2874
2890
2916
2935
2987
3037
3072
3143
3192
3306
3320
3412
3428
3437
3438
3452
3542
3598
3602
3619
3643
3705
3807
3870
3919
3920
4044
4065
4068
4166
4169
4180
4240
4309
4356
4402
4411
4446
4602
4603
4652
4713
4733
4997
4999
5033
5040
5052
5064
5142
5203
5221
5229
5234
5245
5269
5325
5381
5393
5406
5418
5436
5438
5466
5468
5523
5529
5584
5607
5610
5732