Рыбный соус

93
205
322
329
343
409
426
446
467
554
570
572
579
667
686
726
787
850
860
877
919
942
1018
1046
1205
1219
1234
1245
1259
1385
1410
1470
1583
1608
1646
1755
1781
1908
1914
1945
1973
1979
2067
2101
2114
2129
2198
2206
2209
2285
2295
2335
2351
2425
2629
2658
2659
2660
2761
2806
2905
2951
2992
3120
3159
3200
3210
3212
3234
3245
3320
3389
3489
3587
3592
3644
3831
3850
3907
3911
3967
4037
4073
4131
4281
4346
4427
4430
4438
4538
4698
4716
4753
4898
4951
4961
5125
5146
5196
5291
5317
5321
5353
5397
5408
5417
5464
5490
5526
5568
5635
5713
5749
5819
5855
5860
5930
5945
6047
6065
6077
6095