Тертый имбирь

2
44
115
180
330
345
451
456
495
594
630
647
711
796
821
831
936
970
1016
1067
1146
1223
1253
1274
1383
1394
1404
1409
1576
1595
1597
1607
1630
1634
1671
1707
1771
1840
1872
1907
2056
2076
2119
2145
2154
2188
2206
2316
2320
2325
2351
2384
2417
2438
2468
2482
2515
2558
2615
2630
2680
2692
2793
2820
2856
2873
2890
2987
3098
3143
3180
3218
3226
3247
3276
3277
3290
3332
3437
3471
3516
3535
3542
3570
3581
3598
3619
3850
3935
3943
3957
4034
4068
4073
4166
4180
4197
4271
4356
4579
4599
4680
4702
4714
4744
4802
4846
4850
4906
5158
5196
5221
5229
5275
5295
5308
5326
5360
5436
5499
5675
5876
5924
5956
5987
6038
6050
6088