Куриное филе

7
32
46
54
87
132
146
152
160
185
186
191
231
271
284
306
308
312
359
439
441
446
482
573
647
667
677
679
686
707
740
760
780
782
784
788
812
862
870
872
884
913
914
925
930
936
946
953
968
975
993
1054
1061
1100
1175
1230
1238
1244
1251
1286
1293
1295
1311
1348
1369
1379
1403
1404
1405
1416
1439
1453
1464
1470
1603
1662
1673
1678
1737
1826
1920
1944
1945
1956
1999
2052
2062
2124
2162
2171
2174
2222
2230
2264
2327
2401
2417
2419
2526
2587
2600
2637
2653
2752
2791
2831
2848
2849
2853
2859
2865
2885
2910
2979
3007
3115
3118
3146
3201
3223
3246
3320
3350
3464
3471
3510
3513
3525
3557
3586
3620
3654
3669
3726
3740
3750
3755
3823
3897
3898
3911
3939
3969
4004
4029
4059
4125
4126
4136
4158
4173
4233
4269
4333
4343
4345
4349
4402
4417
4443
4508
4509
4554
4648
4654
4704
4722
4723
4766
4782
4785
4806
4833
4857
4859
4864
4873
4875
4892
4895
4903
4906
4963
5023
5032
5144
5162
5177
5263
5277
5295
5302
5360
5367
5377
5387
5398
5402
5427
5446
5496
5497
5499
5516
5581
5639
5657
5669
5675
5706
5709
5718
5735
5764
5769
5785
5802
5834
5860
5885
5931
5952
5963
5973
5999
6033
6044
6084