Крупная соль

10
44
86
155
189
203
206
233
236
240
293
307
366
372
451
508
512
523
565
576
607
612
631
645
650
660
693
698
783
794
854
955
985
1027
1106
1169
1177
1210
1212
1223
1266
1272
1279
1314
1339
1381
1433
1435
1447
1457
1503
1545
1576
1610
1634
1642
1718
1741
1749
1895
1904
1922
1988
1993
2000
2071
2097
2099
2113
2172
2199
2219
2225
2246
2260
2443
2456
2470
2471
2495
2507
2533
2559
2567
2592
2606
2678
2723
2743
2748
2750
2822
2825
2883
2954
2971
3027
3059
3066
3091
3138
3168
3196
3323
3329
3403
3449
3535
3542
3550
3574
3581
3661
3694
3717
3721
3770
3803
3829
3832
3840
3907
3957
4021
4097
4187
4209
4394
4410
4425
4473
4497
4589
4613
4617
4744
4752
4805
4825
4907
4908
4929
4932
4989
4998
4999
5009
5054
5074
5098
5108
5109
5174
5193
5212
5248
5260
5270
5276
5293
5325
5336
5362
5416
5418
5480
5495
5500
5700
5751
5814
5818
5826
5863
5883
5886
5895
5904
5913
6094