Лук-шалот

33
139
148
180
185
197
226
265
273
337
372
456
512
516
544
572
581
595
658
686
737
742
744
768
826
842
855
870
882
897
956
987
1025
1071
1076
1078
1110
1129
1145
1187
1196
1202
1259
1306
1410
1491
1495
1551
1595
1613
1620
1634
1694
1721
1731
1773
1876
1891
1904
1934
1956
2114
2150
2191
2198
2246
2311
2312
2324
2325
2332
2333
2336
2349
2359
2381
2382
2384
2438
2475
2511
2551
2567
2576
2613
2660
2685
2704
2707
2727
2761
2775
2786
2797
2829
2856
2859
2875
2883
2885
2998
3023
3032
3057
3079
3098
3108
3155
3170
3172
3327
3329
3337
3344
3358
3373
3418
3426
3500
3509
3519
3540
3542
3550
3581
3582
3618
3621
3638
3732
3802
3813
3827
3840
3846
3887
3907
3922
3928
3957
3958
4004
4080
4161
4214
4231
4254
4321
4329
4339
4344
4374
4438
4480
4507
4561
4575
4619
4624
4637
4678
4702
4744
4751
4827
4870
4898
4904
4978
4992
5047
5053
5057
5060
5061
5133
5160
5215
5227
5240
5252
5298
5307
5422
5472
5500
5504
5526
5527
5619
5624
5685
5758
5768
5819
5821
5860
5969
5973
5991
6007
6026
6047
6050