Базилик

11
25
58
134
155
156
188
201
214
368
381
388
434
442
473
511
529
566
572
641
702
840
857
896
928
933
940
983
1002
1009
1055
1128
1129
1138
1235
1243
1280
1344
1378
1425
1469
1481
1492
1505
1572
1638
1647
1660
1663
1705
1811
1852
1897
1952
1971
1998
2006
2028
2050
2080
2134
2157
2164
2264
2276
2282
2369
2395
2424
2551
2626
2679
2686
2693
2727
2752
2776
2777
2779
2783
2787
2818
2840
2857
2858
2862
3048
3111
3175
3266
3318
3336
3362
3383
3447
3455
3490
3518
3570
3577
3599
3633
3638
3719
3737
3788
3833
3839
3934
4035
4058
4064
4136
4157
4226
4245
4266
4365
4465
4469
4491
4541
4607
4618
4692
4698
4747
4838
4898
4922
4983
5029
5031
5047
5071
5116
5134
5160
5193
5236
5260
5275
5276
5304
5343
5403
5481
5489
5519
5577
5619
5653
5660
5688
5713
5718
5732
5739
5743
5748
5782
5802
5889
5919
5929
5987
6019
6023
6076
6092