Картофель

8
19
23
27
50
54
103
109
136
161
165
170
198
207
212
228
248
252
277
312
317
324
335
339
342
350
369
395
403
411
423
430
453
461
462
474
486
498
499
502
505
520
546
559
571
574
581
587
614
624
642
644
648
651
677
684
688
691
703
709
720
729
737
768
781
786
844
845
851
871
872
896
903
952
976
982
993
1029
1031
1048
1050
1081
1084
1092
1107
1131
1136
1157
1166
1192
1193
1217
1220
1248
1251
1260
1279
1287
1295
1297
1314
1340
1341
1344
1352
1371
1376
1388
1395
1438
1443
1472
1475
1484
1489
1492
1497
1501
1517
1542
1552
1559
1621
1641
1650
1652
1665
1694
1733
1735
1744
1750
1758
1768
1781
1799
1805
1816
1821
1843
1856
1858
1885
1891
1892
1895
1897
1902
1909
1922
1935
1951
1962
2006
2034
2036
2049
2050
2087
2090
2110
2113
2124
2141
2149
2156
2170
2193
2251
2277
2292
2299
2300
2319
2355
2422
2430
2448
2450
2453
2469
2485
2492
2520
2532
2536
2545
2551
2553
2563
2569
2575
2591
2600
2607
2614
2652
2713
2715
2719
2765
2776
2778
2781
2788
2791
2796
2803
2810
2839
2874
2884
2900
2914
2917
2920
2931
2942
2948
2976
3011
3028
3038
3047
3055
3058
3076
3082
3090
3104
3118
3127
3128
3141
3145
3150
3152
3192
3199
3209
3233
3244
3250
3269
3296
3319
3353
3359
3367
3368
3403
3407
3412
3416
3432
3439
3469
3476
3480
3502
3537
3564
3571
3583
3588
3614
3616
3620
3641
3644
3646
3669
3673
3680
3716
3719
3721
3741
3743
3750
3758
3771
3785
3833
3838
3840
3856
3859
3866
3869
3901
3904
3916
3926
3927
3928
3930
3931
3957
3973
3976
3978
3989
4006
4024
4027
4028
4033
4045
4048
4049
4053
4057
4065
4072
4104
4115
4132
4139
4176
4179
4195
4204
4234
4235
4248
4265
4267
4307
4314
4340
4347
4356
4364
4367
4379
4380
4386
4400
4426
4466
4469
4485
4491
4492
4507
4525
4545
4560
4561
4573
4614
4632
4633
4654
4668
4672
4697
4702
4721
4737
4751
4758
4778
4793
4799
4813
4823
4824
4830
4849
4855
4874
4875
4889
4896
4915
4918
4924
4929
4936
4973
4986
4997
5002
5016
5029
5039
5057
5071
5093
5111
5132
5142
5148
5152
5165
5170
5197
5211
5213
5221
5232
5235
5236
5247
5250
5251
5254
5257
5259
5274
5276
5290
5309
5318
5322
5340
5364
5401
5448
5498
5501
5520
5533
5536
5578
5589
5599
5610
5621
5628
5632
5639
5642
5646
5652
5665
5680
5716
5724
5725
5729
5735
5762
5767
5770
5775
5776
5779
5839
5845
5850
5854
5900
5907
5915
5923
5942
5976
5980
5987
5989
5993
6041
6052
6082