Рубленая петрушка

60
202
216
272
304
327
483
518
521
565
607
702
723
762
764
767
783
816
827
886
889
903
947
955
999
1022
1081
1092
1114
1180
1198
1227
1256
1270
1281
1450
1479
1485
1492
1507
1663
1731
1745
1759
1780
1788
1876
1958
1988
2096
2099
2107
2113
2116
2134
2175
2189
2246
2349
2380
2456
2471
2475
2513
2579
2647
2661
2708
2718
2743
2759
2781
2803
2838
2843
2854
2885
2904
2958
2970
3012
3054
3095
3169
3185
3188
3223
3226
3321
3322
3332
3337
3403
3430
3460
3465
3477
3486
3510
3565
3600
3609
3682
3711
3786
3819
3821
3853
3907
3915
3991
4004
4064
4144
4181
4302
4376
4473
4496
4497
4533
4537
4541
4563
4619
4624
4629
4649
4689
4700
4713
4751
4759
4851
4888
4929
4967
4979
4982
5010
5025
5048
5066
5073
5092
5098
5109
5177
5190
5276
5286
5341
5355
5369
5426
5575
5576
5725
5731
5772
5838
5975
5994
6048
6091