Белое сухое вино

2
19
50
70
80
84
94
109
117
133
148
149
185
265
316
387
394
566
596
629
658
712
744
793
842
857
869
878
883
947
955
1022
1024
1032
1034
1059
1060
1104
1129
1163
1176
1180
1198
1208
1216
1227
1228
1230
1232
1254
1261
1281
1283
1329
1386
1450
1464
1469
1491
1497
1551
1563
1606
1637
1669
1709
1780
1783
1793
1842
1849
1870
1950
1956
2030
2150
2157
2163
2205
2223
2282
2367
2382
2415
2437
2472
2567
2605
2631
2655
2661
2694
2699
2708
2748
2775
2790
2837
2862
2929
2934
2961
2963
2980
3003
3021
3022
3027
3032
3041
3045
3048
3079
3091
3103
3123
3132
3135
3156
3169
3257
3265
3296
3318
3365
3367
3374
3377
3380
3396
3402
3403
3417
3466
3476
3477
3508
3576
3615
3621
3659
3703
3709
3740
3744
3766
3796
3813
3839
3853
3902
3981
4017
4047
4049
4087
4118
4186
4254
4286
4310
4339
4359
4371
4374
4390
4400
4434
4437
4487
4495
4499
4521
4525
4541
4550
4587
4608
4611
4726
4752
4870
4876
4878
4888
4905
4922
4924
4982
5044
5100
5115
5125
5133
5141
5215
5216
5227
5240
5245
5265
5271
5274
5286
5305
5315
5358
5369
5400
5414
5429
5478
5484
5499
5527
5534
5561
5575
5580
5653
5667
5678
5712
5725
5775
5783
5787
5796
5817
5841
5879
5882
5917
5942
5973
5987
5990
5994
6041
6048
6061
6064
6082
6098