藐

6
47
49
62
81
99
101
117
118
136
162
202
206
252
274
277
282
302
312
361
403
446
469
480
486
573
591
601
625
656
659
671
703
720
733
755
760
764
856
871
876
911
928
933
942
975
1050
1053
1055
1057
1078
1084
1086
1107
1123
1132
1136
1175
1184
1228
1267
1295
1297
1341
1363
1425
1456
1493
1502
1553
1561
1634
1665
1693
1696
1709
1770
1780
1798
1808
1860
1902
1921
1925
1927
1948
1999
2028
2057
2088
2096
2113
2119
2124
2136
2141
2153
2179
2186
2200
2242
2247
2251
2264
2291
2299
2300
2347
2353
2369
2417
2427
2452
2461
2464
2531
2536
2556
2600
2637
2645
2651
2652
2681
2711
2771
2809
2812
2823
2858
2916
2944
2952
2969
3004
3007
3011
3024
3028
3055
3058
3065
3077
3118
3122
3142
3150
3201
3252
3278
3279
3334
3344
3350
3359
3385
3388
3440
3483
3489
3515
3547
3571
3640
3641
3653
3705
3719
3754
3781
3795
3839
3866
3869
3898
3918
3940
3985
4006
4036
4053
4067
4077
4086
4090
4140
4195
4213
4242
4266
4301
4304
4307
4315
4340
4364
4408
4415
4465
4469
4478
4529
4543
4599
4604
4605
4643
4667
4704
4723
4733
4801
4833
4839
4851
4852
4860
4875
4913
4945
4947
5008
5024
5048
5059
5107
5162
5167
5177
5238
5282
5308
5337
5418
5537
5563
5570
5582
5668
5689
5713
5775
5907
5979
5987
6014
6039
6044
6067
6068
6074
6076
6078